2   32  0
2   33  1
2   34  2
2   35  3
2   36  4
2   37  5
2   38  6
2   39  7
2   40  8
2   41  9
2   42  10
2   43  11
2   44  12
2   45  13
2   46  14
2   47  15
3   48  16
3   49  17
3   50  18
3   51  19
3   52  20
3   53  21
3   54  22
3   55  23
3   56  24
3   57  25
3   58  26
3   59  27
3   60  28
3   61  29
3   62  30
3   63  31
4   64  32
4   65  33
4   66  34
4   67  35
4   68  36
4   69  37
4   70  38
4   71  39
4   72  40
4   73  41
4   74  42
4   75  43
4   76  44
4   77  45
4   78  46
4   79  47
