# Calibration file of tamex_id 1 @ channel 6
# fine_T bin		 Calibration value
1		0
2		0
3		0
4		0
5		0
6		0
7		0
8		0
9		0
10		0
11		0
12		0
13		0
14		0
15		0
16		0
17		0.00378847
18		0.00679848
19		0.00751207
20		0.00963984
21		0.0151409
22		0.0165421
23		0.0174114
24		0.0181509
25		0.0201749
26		0.0241969
27		0.0272977
28		0.027674
29		0.0282448
30		0.0315143
31		0.0332529
32		0.0349266
33		0.0351601
34		0.0375603
35		0.0426073
36		0.0443199
37		0.0449427
38		0.0457471
39		0.0483938
40		0.0504178
41		0.0529607
42		0.0551404
43		0.0572163
44		0.0575017
45		0.0591624
46		0.0606285
47		0.0637682
48		0.0664669
49		0.068426
50		0.068906
51		0.0707094
52		0.0735119
53		0.0747444
54		0.0760548
55		0.0795189
56		0.0797395
57		0.0822954
58		0.0832425
59		0.08803
60		0.0895091
61		0.0904432
62		0.0908584
63		0.0947117
64		0.0962037
65		0.0988245
66		0.100913
67		0.101303
68		0.103677
69		0.105208
70		0.108205
71		0.110216
72		0.112525
73		0.115107
74		0.116431
75		0.116885
76		0.121036
77		0.122386
78		0.124345
79		0.12559
80		0.126628
81		0.130209
82		0.13209
83		0.133038
84		0.133855
85		0.139356
86		0.140498
87		0.14112
88		0.143495
89		0.144805
90		0.146777
91		0.148905
92		0.150734
93		0.15403
94		0.155223
95		0.156378
96		0.156638
97		0.158726
98		0.164098
99		0.164617
100		0.16546
101		0.167575
102		0.169469
103		0.171714
104		0.175749
105		0.177241
106		0.178318
107		0.179018
108		0.181055
109		0.182041
110		0.186349
111		0.188269
112		0.189203
113		0.190526
114		0.192758
115		0.196793
116		0.197701
117		0.197973
118		0.201048
119		0.202488
120		0.204668
121		0.206913
122		0.207743
123		0.210182
124		0.212375
125		0.214217
126		0.215839
127		0.219614
128		0.221483
129		0.222339
130		0.224506
131		0.226595
132		0.2305
133		0.231473
134		0.232524
135		0.234146
136		0.234807
137		0.239478
138		0.241476
139		0.241956
140		0.244564
141		0.246354
142		0.249611
143		0.250208
144		0.253166
145		0.254697
146		0.255293
147		0.256124
148		0.260366
149		0.263415
150		0.26457
151		0.266853
152		0.267697
153		0.269422
154		0.27142
155		0.274885
156		0.275741
157		0.279426
158		0.280567
159		0.281268
160		0.284408
161		0.284836
162		0.287612
163		0.290765
164		0.291985
165		0.2931
166		0.295488
167		0.296409
168		0.299289
169		0.302234
170		0.303687
171		0.305698
172		0.30697
173		0.308034
174		0.310603
175		0.31312
176		0.315377
177		0.315909
178		0.317245
179		0.321384
180		0.322357
181		0.323603
182		0.326236
183		0.328286
184		0.33092
185		0.33284
186		0.333891
187		0.335163
188		0.339509
189		0.340171
190		0.342662
191		0.343168
192		0.345607
193		0.349759
194		0.350641
195		0.351173
196		0.353041
197		0.355026
198		0.356142
199		0.358607
200		0.361163
201		0.363135
202		0.365107
203		0.36586
204		0.366664
205		0.372801
206		0.373644
207		0.374007
208		0.377095
209		0.37838
210		0.381545
211		0.382804
212		0.383894
213		0.386579
214		0.388578
215		0.391458
216		0.39234
217		0.394014
218		0.395337
219		0.397556
220		0.400202
221		0.40211
222		0.404224
223		0.406793
224		0.407948
225		0.40992
226		0.412813
227		0.415862
228		0.417315
229		0.418146
230		0.419262
231		0.422505
232		0.42462
233		0.426203
234		0.428681
235		0.430692
236		0.431548
237		0.432288
238		0.434351
239		0.437918
240		0.439086
241		0.442239
242		0.443731
243		0.446144
244		0.447844
245		0.450335
246		0.450996
247		0.454772
248		0.455408
249		0.457445
250		0.458742
251		0.460338
252		0.463062
253		0.464152
254		0.468343
255		0.468992
256		0.470743
257		0.472663
258		0.473844
259		0.476971
260		0.479371
261		0.481512
262		0.482173
263		0.484262
264		0.485417
265		0.487908
266		0.49062
267		0.492462
268		0.493993
269		0.495731
270		0.49747
271		0.501077
272		0.502024
273		0.504359
274		0.505242
275		0.507668
276		0.50916
277		0.511807
278		0.514479
279		0.514817
280		0.518449
281		0.519941
282		0.520408
283		0.523496
284		0.525066
285		0.531099
286		0.532059
287		0.532747
288		0.535653
289		0.537132
290		0.540454
291		0.541556
292		0.543944
293		0.545643
294		0.546409
295		0.548861
296		0.551793
297		0.554946
298		0.557255
299		0.559227
300		0.563132
301		0.565961
302		0.566973
303		0.570489
304		0.572124
305		0.573732
306		0.575769
307		0.579182
308		0.58022
309		0.582944
310		0.583632
311		0.586914
312		0.587472
313		0.59309
314		0.593842
315		0.595244
316		0.596022
317		0.59754
318		0.600109
319		0.603119
320		0.604974
321		0.605973
322		0.607245
323		0.609554
324		0.610826
325		0.61442
326		0.616495
327		0.617118
328		0.619518
329		0.619985
330		0.623385
331		0.625993
332		0.627498
333		0.629418
334		0.630793
335		0.631727
336		0.633427
337		0.637228
338		0.639109
339		0.641432
340		0.644182
341		0.645337
342		0.650501
343		0.650773
344		0.653277
345		0.655639
346		0.656923
347		0.661179
348		0.661633
349		0.662463
350		0.662735
351		0.665758
352		0.667393
353		0.669106
354		0.673063
355		0.674789
356		0.67798
357		0.680004
358		0.681535
359		0.686932
360		0.688048
361		0.69002
362		0.692044
363		0.6946
364		0.697636
365		0.698946
366		0.701165
367		0.702787
368		0.70546
369		0.706653
370		0.709092
371		0.712193
372		0.712855
373		0.715164
374		0.716747
375		0.719692
376		0.72099
377		0.722209
378		0.72326
379		0.725699
380		0.727334
381		0.730474
382		0.732563
383		0.733354
384		0.734535
385		0.736585
386		0.739504
387		0.741048
388		0.744642
389		0.744927
390		0.746406
391		0.748819
392		0.751388
393		0.752283
394		0.7548
395		0.755527
396		0.757966
397		0.760846
398		0.761586
399		0.763493
400		0.766348
401		0.766931
402		0.769695
403		0.77277
404		0.773769
405		0.775909
406		0.777739
407		0.778608
408		0.77949
409		0.782786
410		0.786107
411		0.788598
412		0.789325
413		0.789766
414		0.791816
415		0.794021
416		0.796266
417		0.797265
418		0.798809
419		0.801624
420		0.803558
421		0.803817
422		0.806062
423		0.808228
424		0.809616
425		0.812808
426		0.814274
427		0.816506
428		0.817466
429		0.819438
430		0.8208
431		0.822539
432		0.824368
433		0.82778
434		0.828766
435		0.829208
436		0.832983
437		0.834138
438		0.834981
439		0.838212
440		0.83886
441		0.842895
442		0.844945
443		0.846139
444		0.847644
445		0.850913
446		0.852496
447		0.854403
448		0.856272
449		0.858218
450		0.860475
451		0.861838
452		0.863576
453		0.866041
454		0.867391
455		0.868299
456		0.8714
457		0.872126
458		0.874578
459		0.875422
460		0.878626
461		0.880598
462		0.88113
463		0.88405
464		0.885126
465		0.88706
466		0.890705
467		0.891575
468		0.894143
469		0.894442
470		0.897024
471		0.899113
472		0.901565
473		0.902603
474		0.904224
475		0.906106
476		0.908597
477		0.910802
478		0.912424
479		0.913241
480		0.916874
481		0.91764
482		0.918898
483		0.922129
484		0.922297
485		0.92462
486		0.927137
487		0.930251
488		0.93173
489		0.93352
490		0.935505
491		0.9364
492		0.940539
493		0.94124
494		0.944198
495		0.944639
496		0.94556
497		0.949362
498		0.950309
499		0.951515
500		0.954188
501		0.955719
502		0.957964
503		0.959287
504		0.960766
505		0.964853
506		0.96593
507		0.966358
508		0.968732
509		0.972806
510		0.973364
511		0.975336
512		0.976582
513		0.978177
514		0.980305
515		0.983224
516		0.983821
517		0.986792
518		0.988297
519		0.989167
520		0.990503
521		0.993409
522		0.994084
523		0.994707
524		0.996004
525		0.996666
526		0.997639
527		0.999468
528		0.999948
529		1
530		1
531		1
532		1
533		1
534		1
535		1
536		1
537		1
538		1
539		1
540		1
541		1
542		1
543		1
544		1
545		1
546		1
547		1
548		1
549		1
550		1
551		1
552		1
553		1
554		1
555		1
556		1
557		1
558		1
559		1
560		1
561		1
562		1
563		1
564		1
565		1
566		1
567		1
568		1
569		1
570		1
571		1
572		1
573		1
574		1
575		1
576		1
577		1
578		1
579		1
580		1
581		1
582		1
583		1
584		1
585		1
586		1
587		1
588		1
589		1
590		1
591		1
592		1
593		1
594		1
595		1
596		1
597		1
598		1
599		1
600		1
