# Calibration file of tamex_id 0 @ channel 5
# fine_T bin		 Calibration value
1		0
2		0
3		0
4		0
5		0
6		0
7		0
8		0
9		0
10		0
11		0
12		0
13		0
14		0
15		0
16		0
17		0.00523021
18		0.00755366
19		0.0103195
20		0.0123027
21		0.0168378
22		0.0186168
23		0.0215722
24		0.0222284
25		0.0247365
26		0.0280516
27		0.0287078
28		0.0323437
29		0.0339137
30		0.0348373
31		0.037603
32		0.0377343
33		0.0400626
34		0.0423423
35		0.0460851
36		0.0472614
37		0.0487197
38		0.0490356
39		0.0539499
40		0.0558116
41		0.0583294
42		0.0601377
43		0.0611827
44		0.0633361
45		0.0663984
46		0.0667094
47		0.0705203
48		0.0717355
49		0.0723431
50		0.0755707
51		0.0782003
52		0.07926
53		0.0818168
54		0.0831438
55		0.0853506
56		0.086347
57		0.0891371
58		0.0897447
59		0.0957769
60		0.0966179
61		0.0975414
62		0.0984115
63		0.102747
64		0.104429
65		0.10633
66		0.108537
67		0.109625
68		0.111239
69		0.114423
70		0.115871
71		0.117198
72		0.11924
73		0.123056
74		0.124699
75		0.126137
76		0.127829
77		0.129836
78		0.131353
79		0.134201
80		0.135606
81		0.139208
82		0.141216
83		0.14193
84		0.143087
85		0.145658
86		0.149095
87		0.151763
88		0.153115
89		0.154058
90		0.157164
91		0.160202
92		0.161811
93		0.162749
94		0.163872
95		0.165208
96		0.16812
97		0.170439
98		0.17282
99		0.175197
100		0.176515
101		0.178867
102		0.179946
103		0.182046
104		0.185842
105		0.186329
106		0.187986
107		0.189882
108		0.192745
109		0.193561
110		0.197134
111		0.199205
112		0.200483
113		0.201275
114		0.201844
115		0.208115
116		0.209233
117		0.212402
118		0.213437
119		0.215343
120		0.216271
121		0.219299
122		0.221059
123		0.223149
124		0.226425
125		0.228408
126		0.229065
127		0.231344
128		0.234723
129		0.235597
130		0.239277
131		0.240677
132		0.243516
133		0.245222
134		0.245552
135		0.247808
136		0.252012
137		0.254773
138		0.255279
139		0.257622
140		0.25838
141		0.261943
142		0.262599
143		0.2657
144		0.266211
145		0.270415
146		0.271582
147		0.272258
148		0.274144
149		0.279398
150		0.280448
151		0.283321
152		0.283496
153		0.288366
154		0.289397
155		0.291283
156		0.293509
157		0.296343
158		0.29819
159		0.299313
160		0.301806
161		0.304465
162		0.306487
163		0.308733
164		0.309122
165		0.310162
166		0.315674
167		0.317682
168		0.319052
169		0.320948
170		0.321813
171		0.32593
172		0.328983
173		0.329702
174		0.330971
175		0.336838
176		0.337198
177		0.337975
178		0.34045
179		0.342987
180		0.345422
181		0.346895
182		0.349447
183		0.351639
184		0.353413
185		0.354556
186		0.35754
187		0.358707
188		0.363057
189		0.364933
190		0.366076
191		0.366892
192		0.369206
193		0.373629
194		0.376035
195		0.377323
196		0.379044
197		0.382092
198		0.382826
199		0.385339
200		0.387303
201		0.389043
202		0.392008
203		0.393053
204		0.394171
205		0.398341
206		0.40014
207		0.400553
208		0.404695
209		0.406216
210		0.408418
211		0.410017
212		0.410761
213		0.413342
214		0.417133
215		0.419034
216		0.420162
217		0.423214
218		0.424322
219		0.426646
220		0.430675
221		0.431813
222		0.433918
223		0.435006
224		0.437398
225		0.438496
226		0.442429
227		0.446142
228		0.446556
229		0.447363
230		0.449219
231		0.453288
232		0.4546
233		0.456511
234		0.45861
235		0.460608
236		0.462261
237		0.464395
238		0.466427
239		0.470082
240		0.472221
241		0.47348
242		0.474393
243		0.478083
244		0.480683
245		0.481446
246		0.483376
247		0.487046
248		0.488947
249		0.489982
250		0.492685
251		0.493258
252		0.495377
253		0.499878
254		0.501886
255		0.503412
256		0.504739
257		0.507116
258		0.50941
259		0.51082
260		0.514748
261		0.515987
262		0.517193
263		0.519331
264		0.520483
265		0.522933
266		0.526321
267		0.527512
268		0.528956
269		0.53246
270		0.533617
271		0.537744
272		0.538614
273		0.539343
274		0.541691
275		0.545239
276		0.546236
277		0.54835
278		0.550513
279		0.553299
280		0.555583
281		0.556293
282		0.55728
283		0.563258
284		0.565159
285		0.568722
286		0.571488
287		0.572542
288		0.573738
289		0.576295
290		0.579965
291		0.58099
292		0.582342
293		0.583523
294		0.585691
295		0.588909
296		0.591597
297		0.596224
298		0.598261
299		0.600288
300		0.603734
301		0.606641
302		0.609849
303		0.61138
304		0.614243
305		0.615765
306		0.617461
307		0.621077
308		0.622161
309		0.625452
310		0.628432
311		0.630114
312		0.63197
313		0.635261
314		0.637643
315		0.638479
316		0.64175
317		0.643325
318		0.645197
319		0.647078
320		0.648555
321		0.652036
322		0.652731
323		0.652906
324		0.65572
325		0.657917
326		0.661033
327		0.661923
328		0.662462
329		0.664951
330		0.66759
331		0.668533
332		0.67075
333		0.673934
334		0.675241
335		0.678075
336		0.678624
337		0.680534
338		0.68454
339		0.687203
340		0.690708
341		0.692837
342		0.694966
343		0.698709
344		0.702034
345		0.702612
346		0.704532
347		0.706768
348		0.709641
349		0.712883
350		0.713014
351		0.71334
352		0.715634
353		0.718351
354		0.721696
355		0.725064
356		0.726435
357		0.730411
358		0.732185
359		0.735816
360		0.737406
361		0.743034
362		0.743773
363		0.744643
364		0.747492
365		0.750515
366		0.752654
367		0.754093
368		0.755663
369		0.758754
370		0.759775
371		0.763027
372		0.764684
373		0.766886
374		0.769244
375		0.770605
376		0.772549
377		0.774425
378		0.777391
379		0.778669
380		0.780006
381		0.781697
382		0.784798
383		0.786607
384		0.787856
385		0.790111
386		0.792065
387		0.793417
388		0.796673
389		0.797393
390		0.798481
391		0.801383
392		0.80446
393		0.806025
394		0.806784
395		0.809569
396		0.811455
397		0.81407
398		0.817405
399		0.817852
400		0.820652
401		0.821483
402		0.824336
403		0.827714
404		0.828055
405		0.830247
406		0.831486
407		0.833557
408		0.836853
409		0.838617
410		0.840333
411		0.842408
412		0.843094
413		0.845344
414		0.848586
415		0.852174
416		0.852558
417		0.855333
418		0.856291
419		0.857725
420		0.860636
421		0.86418
422		0.864345
423		0.865755
424		0.868297
425		0.87203
426		0.872842
427		0.874723
428		0.875831
429		0.879418
430		0.882836
431		0.884036
432		0.886078
433		0.888576
434		0.89002
435		0.891852
436		0.894691
437		0.898021
438		0.899046
439		0.9005
440		0.9019
441		0.904709
442		0.906167
443		0.909619
444		0.910649
445		0.911791
446		0.914557
447		0.916219
448		0.91779
449		0.920653
450		0.923365
451		0.925649
452		0.926544
453		0.928984
454		0.931793
455		0.934593
456		0.935813
457		0.937286
458		0.939697
459		0.942643
460		0.944363
461		0.945165
462		0.948106
463		0.951212
464		0.952617
465		0.953089
466		0.956063
467		0.95792
468		0.958985
469		0.962951
470		0.963355
471		0.965002
472		0.966908
473		0.968837
474		0.969805
475		0.973484
476		0.97522
477		0.978408
478		0.979522
479		0.98028
480		0.98377
481		0.986307
482		0.988913
483		0.98986
484		0.990186
485		0.992004
486		0.992753
487		0.993535
488		0.995222
489		0.995635
490		0.996116
491		0.997025
492		0.999339
493		0.999903
494		0.999966
495		0.99999
496		0.999995
497		1
498		1
499		1
500		1
501		1
502		1
503		1
504		1
505		1
506		1
507		1
508		1
509		1
510		1
511		1
512		1
513		1
514		1
515		1
516		1
517		1
518		1
519		1
520		1
521		1
522		1
523		1
524		1
525		1
526		1
527		1
528		1
529		1
530		1
531		1
532		1
533		1
534		1
535		1
536		1
537		1
538		1
539		1
540		1
541		1
542		1
543		1
544		1
545		1
546		1
547		1
548		1
549		1
550		1
551		1
552		1
553		1
554		1
555		1
556		1
557		1
558		1
559		1
560		1
561		1
562		1
563		1
564		1
565		1
566		1
567		1
568		1
569		1
570		1
571		1
572		1
573		1
574		1
575		1
576		1
577		1
578		1
579		1
580		1
581		1
582		1
583		1
584		1
585		1
586		1
587		1
588		1
589		1
590		1
591		1
592		1
593		1
594		1
595		1
596		1
597		1
598		1
599		1
600		1
