# Calibration file of tamex_id 2 @ channel 10
# fine_T bin		 Calibration value
1		0
2		0
3		0
4		0
5		0
6		0
7		0
8		0
9		0
10		0
11		0
12		0
13		0
14		0
15		0
16		0
17		0.00412088
18		0.00938645
19		0.0115741
20		0.0120192
21		0.0163436
22		0.0196505
23		0.0212149
24		0.0214693
25		0.0256537
26		0.0273326
27		0.0286427
28		0.0328271
29		0.0342898
30		0.0349639
31		0.036045
32		0.0385633
33		0.0392883
34		0.0447192
35		0.0455205
36		0.0468814
37		0.0499084
38		0.0509895
39		0.0532535
40		0.0551613
41		0.0574888
42		0.0600707
43		0.0609483
44		0.0622456
45		0.0650565
46		0.0660867
47		0.0710089
48		0.0717211
49		0.0731329
50		0.0741885
51		0.0796322
52		0.0803699
53		0.0816417
54		0.0825702
55		0.0851012
56		0.0868183
57		0.0890313
58		0.090176
59		0.0951109
60		0.0953907
61		0.096281
62		0.0977055
63		0.100656
64		0.103009
65		0.105795
66		0.107117
67		0.109521
68		0.110577
69		0.112676
70		0.114889
71		0.117967
72		0.119518
73		0.123219
74		0.124377
75		0.126018
76		0.128956
77		0.130634
78		0.132415
79		0.134908
80		0.136765
81		0.139131
82		0.141344
83		0.143086
84		0.144447
85		0.148123
86		0.14867
87		0.150539
88		0.15232
89		0.15424
90		0.15728
91		0.159595
92		0.161935
93		0.164492
94		0.165751
95		0.166247
96		0.168854
97		0.172085
98		0.174641
99		0.177121
100		0.178368
101		0.180416
102		0.182845
103		0.186228
104		0.187093
105		0.188912
106		0.19054
107		0.193007
108		0.194737
109		0.197255
110		0.199774
111		0.202101
112		0.204174
113		0.204683
114		0.205624
115		0.210546
116		0.212263
117		0.213357
118		0.215418
119		0.217771
120		0.219093
121		0.222146
122		0.223265
123		0.225885
124		0.2289
125		0.229281
126		0.229943
127		0.235144
128		0.236302
129		0.238108
130		0.240308
131		0.243424
132		0.245154
133		0.247965
134		0.248334
135		0.252162
136		0.254757
137		0.256092
138		0.25655
139		0.259005
140		0.259666
141		0.263456
142		0.266242
143		0.268786
144		0.27007
145		0.270668
146		0.27236
147		0.277396
148		0.278172
149		0.28167
150		0.282585
151		0.285841
152		0.288245
153		0.289746
154		0.292226
155		0.293028
156		0.294172
157		0.298865
158		0.300951
159		0.301384
160		0.303253
161		0.306509
162		0.30904
163		0.311304
164		0.312894
165		0.316214
166		0.319483
167		0.320615
168		0.321416
169		0.32546
170		0.326859
171		0.327597
172		0.32995
173		0.333473
174		0.334618
175		0.33664
176		0.338166
177		0.339769
178		0.342923
179		0.344742
180		0.34679
181		0.347273
182		0.350478
183		0.352742
184		0.354688
185		0.355617
186		0.358427
187		0.360908
188		0.364558
189		0.365588
190		0.366771
191		0.369048
192		0.370319
193		0.372787
194		0.373995
195		0.377773
196		0.379452
197		0.3801
198		0.381817
199		0.386218
200		0.387592
201		0.390034
202		0.392018
203		0.394371
204		0.397258
205		0.399178
206		0.401798
207		0.404864
208		0.405843
209		0.407178
210		0.41018
211		0.411541
212		0.415013
213		0.41598
214		0.417735
215		0.421169
216		0.422505
217		0.422962
218		0.426994
219		0.428813
220		0.431204
221		0.432056
222		0.433939
223		0.435389
224		0.438607
225		0.440374
226		0.442193
227		0.444444
228		0.447204
229		0.448387
230		0.450384
231		0.453208
232		0.454136
233		0.456693
234		0.45888
235		0.459872
236		0.461882
237		0.465876
238		0.467135
239		0.46861
240		0.469221
241		0.472667
242		0.474435
243		0.475771
244		0.478963
245		0.481888
246		0.482194
247		0.484661
248		0.486073
249		0.49013
250		0.492572
251		0.494111
252		0.495459
253		0.499949
254		0.501196
255		0.50206
256		0.505304
257		0.506894
258		0.509094
259		0.510887
260		0.513037
261		0.516611
262		0.517692
263		0.520261
264		0.520795
265		0.52386
266		0.526659
267		0.528757
268		0.530652
269		0.532395
270		0.53691
271		0.537431
272		0.540789
273		0.542264
274		0.542659
275		0.546144
276		0.546703
277		0.548726
278		0.551486
279		0.553915
280		0.555645
281		0.556598
282		0.55773
283		0.562296
284		0.563492
285		0.56526
286		0.56727
287		0.572192
288		0.573476
289		0.574774
290		0.5785
291		0.580612
292		0.581972
293		0.582418
294		0.585534
295		0.585534
296		0.589591
297		0.590011
298		0.592542
299		0.592822
300		0.594895
301		0.597922
302		0.598825
303		0.601038
304		0.601992
305		0.605947
306		0.606494
307		0.609827
308		0.611951
309		0.614583
310		0.616211
311		0.617267
312		0.618997
313		0.620192
314		0.623614
315		0.626526
316		0.627086
317		0.628956
318		0.630075
319		0.635251
320		0.635595
321		0.637757
322		0.639296
323		0.643226
324		0.644994
325		0.646889
326		0.647665
327		0.650921
328		0.652638
329		0.654508
330		0.656937
331		0.658438
332		0.662215
333		0.662571
334		0.665229
335		0.666158
336		0.667799
337		0.670571
338		0.673268
339		0.674514
340		0.677249
341		0.680581
342		0.680835
343		0.682565
344		0.688963
345		0.689268
346		0.691087
347		0.692181
348		0.697382
349		0.699583
350		0.70102
351		0.701821
352		0.704798
353		0.706387
354		0.707189
355		0.707596
356		0.711856
357		0.711856
358		0.712441
359		0.716626
360		0.71833
361		0.719157
362		0.721434
363		0.722604
364		0.724283
365		0.726776
366		0.728772
367		0.730935
368		0.731723
369		0.734852
370		0.736162
371		0.738744
372		0.739876
373		0.743513
374		0.745866
375		0.746388
376		0.748982
377		0.750229
378		0.753943
379		0.755965
380		0.759234
381		0.759704
382		0.762566
383		0.765313
384		0.766636
385		0.768201
386		0.769879
387		0.773352
388		0.775399
389		0.77615
390		0.778859
391		0.781275
392		0.78242
393		0.782814
394		0.785333
395		0.791349
396		0.791832
397		0.792125
398		0.793689
399		0.79884
400		0.799234
401		0.802274
402		0.803686
403		0.806166
404		0.808036
405		0.809257
406		0.810058
407		0.814751
408		0.815743
409		0.817613
410		0.818529
411		0.822166
412		0.82471
413		0.825346
414		0.827483
415		0.830026
416		0.832049
417		0.834389
418		0.83781
419		0.838166
420		0.840036
421		0.845454
422		0.845989
423		0.847922
424		0.850326
425		0.85245
426		0.854218
427		0.855057
428		0.856532
429		0.861035
430		0.861696
431		0.863922
432		0.866936
433		0.86859
434		0.871871
435		0.872901
436		0.873626
437		0.875814
438		0.87673
439		0.879579
440		0.881983
441		0.885951
442		0.886841
443		0.887973
444		0.890084
445		0.893786
446		0.895019
447		0.896978
448		0.899674
449		0.899992
450		0.902511
451		0.904775
452		0.907636
453		0.908094
454		0.910625
455		0.91495
456		0.916552
457		0.9186
458		0.918918
459		0.921907
460		0.925621
461		0.92646
462		0.92763
463		0.932107
464		0.933341
465		0.933951
466		0.936864
467		0.940896
468		0.941952
469		0.943402
470		0.945386
471		0.946441
472		0.94985
473		0.951554
474		0.954632
475		0.955612
476		0.958206
477		0.961119
478		0.961818
479		0.965303
480		0.966588
481		0.969818
482		0.971001
483		0.972388
484		0.975148
485		0.978925
486		0.980935
487		0.981189
488		0.982041
489		0.986124
490		0.987027
491		0.989469
492		0.991173
493		0.992063
494		0.992165
495		0.993437
496		0.994327
497		0.9978
498		0.99794
499		0.99813
500		0.999542
501		0.999962
502		1
503		1
504		1
505		1
506		1
507		1
508		1
509		1
510		1
511		1
512		1
513		1
514		1
515		1
516		1
517		1
518		1
519		1
520		1
521		1
522		1
523		1
524		1
525		1
526		1
527		1
528		1
529		1
530		1
531		1
532		1
533		1
534		1
535		1
536		1
537		1
538		1
539		1
540		1
541		1
542		1
543		1
544		1
545		1
546		1
547		1
548		1
549		1
550		1
551		1
552		1
553		1
554		1
555		1
556		1
557		1
558		1
559		1
560		1
561		1
562		1
563		1
564		1
565		1
566		1
567		1
568		1
569		1
570		1
571		1
572		1
573		1
574		1
575		1
576		1
577		1
578		1
579		1
580		1
581		1
582		1
583		1
584		1
585		1
586		1
587		1
588		1
589		1
590		1
591		1
592		1
593		1
594		1
595		1
596		1
597		1
598		1
599		1
600		1
