# Calibration file of tamex_id 2 @ channel 8
# fine_T bin		 Calibration value
1		0
2		0
3		0
4		0
5		0
6		0
7		0
8		0
9		0
10		0
11		0
12		0
13		0
14		0
15		0
16		0
17		0.00309818
18		0.0081873
19		0.00883674
20		0.0111897
21		0.014735
22		0.0167153
23		0.0179184
24		0.0189617
25		0.0235505
26		0.0249558
27		0.0256479
28		0.0297149
29		0.0327811
30		0.0340268
31		0.0358048
32		0.0378596
33		0.0394459
34		0.0428529
35		0.044056
36		0.0454613
37		0.0464728
38		0.0503481
39		0.0506782
40		0.0547985
41		0.0564913
42		0.0567255
43		0.0598876
44		0.0624747
45		0.0631667
46		0.0654558
47		0.0702468
48		0.0712689
49		0.0724294
50		0.0737815
51		0.077231
52		0.0794881
53		0.0818517
54		0.0829909
55		0.0846092
56		0.0880693
57		0.0899644
58		0.0916573
59		0.0930733
60		0.095703
61		0.0980027
62		0.10043
63		0.100962
64		0.105541
65		0.106754
66		0.108969
67		0.109842
68		0.112035
69		0.115048
70		0.116932
71		0.117987
72		0.119264
73		0.124768
74		0.126493
75		0.127441
76		0.129634
77		0.131827
78		0.133467
79		0.135809
80		0.136916
81		0.140515
82		0.142282
83		0.143208
84		0.144816
85		0.149245
86		0.150661
87		0.152258
88		0.153397
89		0.157571
90		0.159604
91		0.16035
92		0.164182
93		0.166205
94		0.168324
95		0.169665
96		0.170517
97		0.171486
98		0.177895
99		0.17863
100		0.180291
101		0.181196
102		0.181313
103		0.187286
104		0.187658
105		0.189756
106		0.192641
107		0.19575
108		0.19658
109		0.198071
110		0.199167
111		0.203756
112		0.205428
113		0.206982
114		0.207387
115		0.212604
116		0.214658
117		0.215893
118		0.217352
119		0.220599
120		0.223921
121		0.224336
122		0.226817
123		0.229383
124		0.230575
125		0.233524
126		0.235324
127		0.237272
128		0.23888
129		0.240296
130		0.242766
131		0.246141
132		0.248515
133		0.248802
134		0.249814
135		0.252731
136		0.254913
137		0.259087
138		0.260247
139		0.261621
140		0.263495
141		0.267423
142		0.268509
143		0.270788
144		0.27132
145		0.276356
146		0.276803
147		0.277655
148		0.280008
149		0.284405
150		0.285544
151		0.288365
152		0.288802
153		0.291964
154		0.294998
155		0.295839
156		0.297223
157		0.299619
158		0.302344
159		0.304559
160		0.307838
161		0.309222
162		0.310798
163		0.313566
164		0.315951
165		0.318432
166		0.320731
167		0.322499
168		0.323957
169		0.326928
170		0.327928
171		0.33092
172		0.332517
173		0.334625
174		0.33618
175		0.338777
176		0.343057
177		0.344409
178		0.346454
179		0.347965
180		0.349882
181		0.350691
182		0.355599
183		0.358314
184		0.358591
185		0.359805
186		0.361391
187		0.364212
188		0.367917
189		0.368961
190		0.370984
191		0.372644
192		0.374923
193		0.376019
194		0.378511
195		0.380459
196		0.382024
197		0.385644
198		0.386624
199		0.38788
200		0.390318
201		0.391894
202		0.395247
203		0.397313
204		0.3994
205		0.401252
206		0.405138
207		0.406746
208		0.409184
209		0.4106
210		0.413389
211		0.414592
212		0.417701
213		0.418776
214		0.42212
215		0.423876
216		0.424622
217		0.42706
218		0.428774
219		0.431222
220		0.433235
221		0.436045
222		0.438217
223		0.440155
224		0.441454
225		0.445404
226		0.445851
227		0.449418
228		0.45061
229		0.453368
230		0.454911
231		0.456232
232		0.457413
233		0.460607
234		0.461608
235		0.463865
236		0.465175
237		0.468656
238		0.470104
239		0.47218
240		0.473937
241		0.476748
242		0.478515
243		0.480208
244		0.48353
245		0.485861
246		0.486958
247		0.488448
248		0.491397
249		0.493718
250		0.496657
251		0.498946
252		0.500554
253		0.502864
254		0.504099
255		0.508624
256		0.509529
257		0.511584
258		0.51367
259		0.516023
260		0.520207
261		0.520867
262		0.521772
263		0.525062
264		0.526894
265		0.528746
266		0.532142
267		0.533367
268		0.535528
269		0.536838
270		0.539084
271		0.540936
272		0.543289
273		0.546739
274		0.54758
275		0.549539
276		0.551445
277		0.555629
278		0.557609
279		0.558291
280		0.560761
281		0.562102
282		0.564923
283		0.567298
284		0.567958
285		0.573409
286		0.575006
287		0.576411
288		0.580862
289		0.581575
290		0.584013
291		0.586153
292		0.588857
293		0.589986
294		0.590156
295		0.590465
296		0.593446
297		0.59434
298		0.597971
299		0.6001
300		0.600931
301		0.601931
302		0.603401
303		0.607414
304		0.608713
305		0.61031
306		0.612706
307		0.614633
308		0.616379
309		0.618487
310		0.62052
311		0.62265
312		0.625716
313		0.626962
314		0.628282
315		0.629804
316		0.635394
317		0.635862
318		0.637406
319		0.639716
320		0.64159
321		0.643272
322		0.645742
323		0.646552
324		0.649543
325		0.652311
326		0.654664
327		0.655591
328		0.65706
329		0.659498
330		0.661287
331		0.66349
332		0.667227
333		0.669761
334		0.670315
335		0.672391
336		0.674542
337		0.677001
338		0.680962
339		0.682218
340		0.683123
341		0.686572
342		0.689383
343		0.690128
344		0.694089
345		0.697602
346		0.699114
347		0.70069
348		0.706812
349		0.707376
350		0.709974
351		0.71221
352		0.713232
353		0.715148
354		0.715148
355		0.715691
356		0.717352
357		0.721696
358		0.721749
359		0.722239
360		0.72687
361		0.72737
362		0.728776
363		0.732406
364		0.733514
365		0.735547
366		0.736612
367		0.741445
368		0.742116
369		0.74316
370		0.747216
371		0.749537
372		0.751198
373		0.754168
374		0.754903
375		0.75732
376		0.759406
377		0.76062
378		0.764155
379		0.766167
380		0.76704
381		0.767892
382		0.769776
383		0.776292
384		0.777942
385		0.778485
386		0.780306
387		0.781754
388		0.784415
389		0.789302
390		0.789803
391		0.79174
392		0.793476
393		0.795861
394		0.797702
395		0.800886
396		0.80178
397		0.805964
398		0.807146
399		0.809637
400		0.811117
401		0.812927
402		0.814939
403		0.81759
404		0.819581
405		0.822648
406		0.823531
407		0.825352
408		0.826097
409		0.83075
410		0.833124
411		0.833922
412		0.836648
413		0.837031
414		0.840076
415		0.84293
416		0.844761
417		0.847593
418		0.848956
419		0.851575
420		0.852746
421		0.854779
422		0.85858
423		0.859836
424		0.861785
425		0.862147
426		0.865309
427		0.867076
428		0.871122
429		0.871984
430		0.87339
431		0.87685
432		0.87867
433		0.879629
434		0.882727
435		0.886709
436		0.887007
437		0.889125
438		0.890382
439		0.894236
440		0.896216
441		0.897707
442		0.899581
443		0.902902
444		0.904659
445		0.905905
446		0.906629
447		0.909099
448		0.913304
449		0.914624
450		0.91604
451		0.918755
452		0.920885
453		0.921917
454		0.925292
455		0.926091
456		0.929679
457		0.931297
458		0.932426
459		0.934991
460		0.936258
461		0.941358
462		0.942327
463		0.943817
464		0.944797
465		0.947427
466		0.95012
467		0.951643
468		0.954677
469		0.956817
470		0.958883
471		0.959638
472		0.961927
473		0.96675
474		0.967315
475		0.96756
476		0.971084
477		0.974491
478		0.976492
479		0.978153
480		0.97892
481		0.9809
482		0.982688
483		0.984647
484		0.987426
485		0.988832
486		0.98963
487		0.990301
488		0.99045
489		0.991823
490		0.993729
491		0.99489
492		0.995017
493		0.996188
494		0.997328
495		0.997817
496		0.999063
497		0.999925
498		0.999979
499		1
500		1
501		1
502		1
503		1
504		1
505		1
506		1
507		1
508		1
509		1
510		1
511		1
512		1
513		1
514		1
515		1
516		1
517		1
518		1
519		1
520		1
521		1
522		1
523		1
524		1
525		1
526		1
527		1
528		1
529		1
530		1
531		1
532		1
533		1
534		1
535		1
536		1
537		1
538		1
539		1
540		1
541		1
542		1
543		1
544		1
545		1
546		1
547		1
548		1
549		1
550		1
551		1
552		1
553		1
554		1
555		1
556		1
557		1
558		1
559		1
560		1
561		1
562		1
563		1
564		1
565		1
566		1
567		1
568		1
569		1
570		1
571		1
572		1
573		1
574		1
575		1
576		1
577		1
578		1
579		1
580		1
581		1
582		1
583		1
584		1
585		1
586		1
587		1
588		1
589		1
590		1
591		1
592		1
593		1
594		1
595		1
596		1
597		1
598		1
599		1
600		1
