# Calibration file of tamex_id 1 @ channel 15
# fine_T bin		 Calibration value
1		0
2		0
3		0
4		0
5		0
6		0
7		0
8		0
9		0
10		0
11		0
12		0
13		0
14		0
15		0
16		0
17		0.0020731
18		0.00705411
19		0.00968375
20		0.0102125
21		0.0150543
22		0.0161396
23		0.0181988
24		0.0204667
25		0.0238059
26		0.0256425
27		0.0273538
28		0.0277851
29		0.0303452
30		0.0322374
31		0.0341296
32		0.035034
33		0.037775
34		0.0379558
35		0.0410724
36		0.043549
37		0.0445369
38		0.0461508
39		0.0473474
40		0.0504223
41		0.0525789
42		0.0540398
43		0.056252
44		0.0570729
45		0.0590486
46		0.060913
47		0.0651149
48		0.0661444
49		0.0674941
50		0.0693306
51		0.0720298
52		0.0746873
53		0.0751047
54		0.0771082
55		0.079877
56		0.0810318
57		0.082618
58		0.0841345
59		0.0891016
60		0.0901312
61		0.0904373
62		0.0911191
63		0.0939157
64		0.0977558
65		0.0993558
66		0.101067
67		0.102431
68		0.104309
69		0.106006
70		0.108052
71		0.109847
72		0.111294
73		0.115565
74		0.117304
75		0.118417
76		0.122842
77		0.123287
78		0.126028
79		0.126557
80		0.128644
81		0.131245
82		0.133138
83		0.134181
84		0.137312
85		0.141082
86		0.141555
87		0.143016
88		0.144714
89		0.146008
90		0.148665
91		0.151169
92		0.152324
93		0.154105
94		0.155914
95		0.156777
96		0.159072
97		0.162857
98		0.164763
99		0.16557
100		0.166405
101		0.169716
102		0.170815
103		0.172193
104		0.175699
105		0.178161
106		0.180652
107		0.182572
108		0.184103
109		0.184882
110		0.186913
111		0.190461
112		0.19252
113		0.193271
114		0.194635
115		0.19892
116		0.20098
117		0.201814
118		0.203359
119		0.207088
120		0.20763
121		0.209091
122		0.212848
123		0.215867
124		0.21666
125		0.217634
126		0.218844
127		0.222935
128		0.223951
129		0.22473
130		0.227123
131		0.228459
132		0.232507
133		0.233565
134		0.234567
135		0.236932
136		0.237572
137		0.240675
138		0.24361
139		0.244918
140		0.247631
141		0.249078
142		0.25033
143		0.252139
144		0.254699
145		0.256856
146		0.258539
147		0.25911
148		0.261879
149		0.266122
150		0.267138
151		0.268557
152		0.269364
153		0.273218
154		0.273955
155		0.276196
156		0.278714
157		0.28069
158		0.281817
159		0.283834
160		0.284961
161		0.289552
162		0.289845
163		0.292586
164		0.293379
165		0.296537
166		0.298874
167		0.300182
168		0.302353
169		0.304774
170		0.306652
171		0.308169
172		0.309073
173		0.312551
174		0.31372
175		0.316489
176		0.318005
177		0.319828
178		0.322569
179		0.32339
180		0.325741
181		0.327202
182		0.329261
183		0.331835
184		0.333199
185		0.333588
186		0.337526
187		0.33914
188		0.339822
189		0.34145
190		0.341728
191		0.346792
192		0.348072
193		0.34913
194		0.349923
195		0.354083
196		0.35482
197		0.356879
198		0.357186
199		0.359481
200		0.363308
201		0.364532
202		0.366605
203		0.367231
204		0.369958
205		0.374536
206		0.376734
207		0.377277
208		0.378988
209		0.381409
210		0.383245
211		0.386752
212		0.389409
213		0.391886
214		0.392526
215		0.392846
216		0.394529
217		0.399385
218		0.399775
219		0.40214
220		0.404102
221		0.406787
222		0.407705
223		0.408498
224		0.409305
225		0.414147
226		0.414453
227		0.416248
228		0.418029
229		0.420826
230		0.421674
231		0.423497
232		0.423914
233		0.42724
234		0.429633
235		0.431219
236		0.431678
237		0.43549
238		0.43652
239		0.438037
240		0.439734
241		0.442266
242		0.444437
243		0.44491
244		0.447734
245		0.448875
246		0.451866
247		0.452868
248		0.454733
249		0.456166
250		0.458322
251		0.462997
252		0.464569
253		0.465321
254		0.466851
255		0.471596
256		0.47257
257		0.4741
258		0.476257
259		0.480584
260		0.480765
261		0.481266
262		0.483213
263		0.488862
264		0.489391
265		0.490741
266		0.491506
267		0.494956
268		0.497475
269		0.499005
270		0.499492
271		0.501746
272		0.504459
273		0.505558
274		0.507924
275		0.510706
276		0.511527
277		0.515298
278		0.517329
279		0.517858
280		0.521503
281		0.523465
282		0.525705
283		0.526582
284		0.528112
285		0.532189
286		0.534582
287		0.535709
288		0.540801
289		0.542373
290		0.543584
291		0.54574
292		0.549163
293		0.55228
294		0.553059
295		0.553142
296		0.553142
297		0.55317
298		0.556885
299		0.558068
300		0.558555
301		0.561045
302		0.563132
303		0.563772
304		0.566235
305		0.567195
306		0.568225
307		0.573094
308		0.574277
309		0.576169
310		0.577185
311		0.579536
312		0.583168
313		0.583877
314		0.584948
315		0.586215
316		0.589707
317		0.59345
318		0.594451
319		0.595189
320		0.596789
321		0.599905
322		0.601046
323		0.603732
324		0.604775
325		0.60792
326		0.609589
327		0.610299
328		0.611147
329		0.616407
330		0.618271
331		0.619092
332		0.619454
333		0.623864
334		0.625158
335		0.627301
336		0.628581
337		0.63224
338		0.632755
339		0.634035
340		0.634466
341		0.639336
342		0.641075
343		0.643955
344		0.645082
345		0.649145
346		0.653152
347		0.653973
348		0.654696
349		0.656686
350		0.660651
351		0.662126
352		0.663142
353		0.66317
354		0.664422
355		0.664519
356		0.668276
357		0.670655
358		0.671073
359		0.671142
360		0.673299
361		0.674871
362		0.676847
363		0.678836
364		0.680742
365		0.684026
366		0.684736
367		0.687226
368		0.68845
369		0.690092
370		0.692374
371		0.695741
372		0.696993
373		0.697605
374		0.700708
375		0.703393
376		0.704312
377		0.705828
378		0.708861
379		0.71099
380		0.712187
381		0.712952
382		0.715067
383		0.718364
384		0.719352
385		0.72137
386		0.723039
387		0.725599
388		0.727241
389		0.727533
390		0.728215
391		0.734351
392		0.736215
393		0.737607
394		0.738706
395		0.742407
396		0.74377
397		0.74544
398		0.747861
399		0.749057
400		0.752633
401		0.753844
402		0.754637
403		0.75536
404		0.758421
405		0.762456
406		0.763235
407		0.764404
408		0.765489
409		0.767896
410		0.770762
411		0.771973
412		0.773531
413		0.776272
414		0.777886
415		0.778637
416		0.780571
417		0.785302
418		0.786471
419		0.788015
420		0.788947
421		0.793246
422		0.795542
423		0.796043
424		0.79646
425		0.799939
426		0.802054
427		0.804002
428		0.805741
429		0.807591
430		0.808384
431		0.812224
432		0.813184
433		0.814631
434		0.816885
435		0.820475
436		0.822479
437		0.823926
438		0.824162
439		0.828141
440		0.8286
441		0.831272
442		0.832065
443		0.834959
444		0.837616
445		0.838048
446		0.840427
447		0.84378
448		0.845032
449		0.845825
450		0.847968
451		0.850862
452		0.852865
453		0.853867
454		0.855954
455		0.860365
456		0.861186
457		0.862758
458		0.863746
459		0.866821
460		0.869673
461		0.871635
462		0.872873
463		0.874501
464		0.876379
465		0.880191
466		0.881541
467		0.883517
468		0.884199
469		0.887886
470		0.889945
471		0.891197
472		0.893548
473		0.897013
474		0.897138
475		0.898098
476		0.900282
477		0.905291
478		0.905903
479		0.908352
480		0.908909
481		0.913403
482		0.914363
483		0.91549
484		0.917619
485		0.919163
486		0.922502
487		0.92349
488		0.92541
489		0.928596
490		0.930767
491		0.931003
492		0.932868
493		0.936263
494		0.938461
495		0.940311
496		0.941689
497		0.943985
498		0.944847
499		0.948033
500		0.950593
501		0.952513
502		0.953668
503		0.955686
504		0.957161
505		0.959234
506		0.961668
507		0.964883
508		0.965203
509		0.966956
510		0.968903
511		0.972632
512		0.9733
513		0.975011
514		0.977766
515		0.980396
516		0.98265
517		0.983234
518		0.984417
519		0.988229
520		0.99001
521		0.991179
522		0.993252
523		0.997398
524		0.997746
525		0.999179
526		0.999443
527		0.999777
528		1
529		1
530		1
531		1
532		1
533		1
534		1
535		1
536		1
537		1
538		1
539		1
540		1
541		1
542		1
543		1
544		1
545		1
546		1
547		1
548		1
549		1
550		1
551		1
552		1
553		1
554		1
555		1
556		1
557		1
558		1
559		1
560		1
561		1
562		1
563		1
564		1
565		1
566		1
567		1
568		1
569		1
570		1
571		1
572		1
573		1
574		1
575		1
576		1
577		1
578		1
579		1
580		1
581		1
582		1
583		1
584		1
585		1
586		1
587		1
588		1
589		1
590		1
591		1
592		1
593		1
594		1
595		1
596		1
597		1
598		1
599		1
600		1
