# Calibration file of tamex_id 0 @ channel 8
# fine_T bin		 Calibration value
1		0
2		0
3		0
4		0
5		0
6		0
7		0
8		0
9		0
10		0
11		0
12		0
13		0
14		0
15		0
16		0
17		0.00328774
18		0.00684121
19		0.0103165
20		0.0117338
21		0.0165846
22		0.0172098
23		0.0184499
24		0.0214719
25		0.0246763
26		0.0264895
27		0.0275264
28		0.030637
29		0.0314185
30		0.0351023
31		0.0365716
32		0.0375355
33		0.0400782
34		0.0417403
35		0.0447466
36		0.0463671
37		0.0481907
38		0.0491859
39		0.0510512
40		0.0561574
41		0.0570119
42		0.0595389
43		0.0614667
44		0.0629986
45		0.0633164
46		0.0657184
47		0.0702775
48		0.0724033
49		0.0728462
50		0.0739872
51		0.0769103
52		0.0786818
53		0.0811411
54		0.0831106
55		0.0843507
56		0.0850801
57		0.0893735
58		0.0905302
59		0.09325
60		0.0953914
61		0.0980748
62		0.0990335
63		0.0998202
64		0.103837
65		0.107657
66		0.10824
67		0.108985
68		0.110736
69		0.113748
70		0.115576
71		0.116467
72		0.119343
73		0.122673
74		0.124476
75		0.12632
76		0.127998
77		0.130895
78		0.131234
79		0.134839
80		0.135944
81		0.139716
82		0.141284
83		0.142493
84		0.143452
85		0.146547
86		0.149027
87		0.151549
88		0.152247
89		0.154279
90		0.157332
91		0.157598
92		0.162584
93		0.163553
94		0.164351
95		0.167618
96		0.16953
97		0.170087
98		0.174131
99		0.174896
100		0.177059
101		0.178736
102		0.179794
103		0.183686
104		0.18502
105		0.186938
106		0.188516
107		0.192018
108		0.193659
109		0.194816
110		0.196186
111		0.198911
112		0.201641
113		0.203892
114		0.204997
115		0.209165
116		0.210181
117		0.212197
118		0.214985
119		0.215985
120		0.21833
121		0.22105
122		0.222108
123		0.223363
124		0.225515
125		0.229475
126		0.230627
127		0.232867
128		0.233122
129		0.238062
130		0.239312
131		0.242162
132		0.243204
133		0.243673
134		0.245096
135		0.249024
136		0.250426
137		0.254506
138		0.254891
139		0.255793
140		0.256767
141		0.260951
142		0.263629
143		0.26465
144		0.266094
145		0.268819
146		0.271002
147		0.272356
148		0.275623
149		0.277739
150		0.279656
151		0.281631
152		0.283658
153		0.284877
154		0.28942
155		0.291291
156		0.292937
157		0.293672
158		0.295339
159		0.30105
160		0.301962
161		0.303629
162		0.30403
163		0.3091
164		0.311721
165		0.312497
166		0.313331
167		0.31629
168		0.318275
169		0.320115
170		0.323632
171		0.324517
172		0.326107
173		0.326768
174		0.330577
175		0.331364
176		0.335761
177		0.33758
178		0.339106
179		0.339726
180		0.341639
181		0.346156
182		0.348407
183		0.349673
184		0.351945
185		0.354675
186		0.355389
187		0.357374
188		0.359562
189		0.362704
190		0.364413
191		0.365924
192		0.366393
193		0.371171
194		0.371921
195		0.372844
196		0.375949
197		0.377945
198		0.380388
199		0.382055
200		0.383608
201		0.38649
202		0.386849
203		0.391882
204		0.392752
205		0.395264
206		0.3974
207		0.4
208		0.402147
209		0.403387
210		0.405513
211		0.408159
212		0.409311
213		0.411494
214		0.413917
215		0.417658
216		0.419534
217		0.420237
218		0.420972
219		0.424369
220		0.426661
221		0.429626
222		0.430658
223		0.433482
224		0.434493
225		0.435227
226		0.437228
227		0.443918
228		0.445132
229		0.445554
230		0.446216
231		0.449243
232		0.453052
233		0.453813
234		0.456491
235		0.457918
236		0.460138
237		0.461258
238		0.464369
239		0.465781
240		0.467182
241		0.471429
242		0.4722
243		0.473075
244		0.475665
245		0.478072
246		0.479964
247		0.481975
248		0.483074
249		0.487758
250		0.488712
251		0.490046
252		0.491385
253		0.494089
254		0.498148
255		0.49956
256		0.500279
257		0.504061
258		0.505843
259		0.507933
260		0.510559
261		0.512768
262		0.515316
263		0.516931
264		0.518604
265		0.519474
266		0.522423
267		0.524971
268		0.527795
269		0.528305
270		0.529311
271		0.5325
272		0.535011
273		0.536413
274		0.538591
275		0.541237
276		0.542055
277		0.543994
278		0.545625
279		0.547625
280		0.550814
281		0.553701
282		0.554597
283		0.559083
284		0.56049
285		0.564512
286		0.567821
287		0.569347
288		0.571359
289		0.572547
290		0.5787
291		0.5787
292		0.578877
293		0.578877
294		0.58019
295		0.580742
296		0.587141
297		0.587917
298		0.588522
299		0.589579
300		0.591971
301		0.593081
302		0.596155
303		0.597311
304		0.599114
305		0.602444
306		0.605242
307		0.606508
308		0.607404
309		0.608545
310		0.612755
311		0.613959
312		0.616204
313		0.618023
314		0.618742
315		0.622837
316		0.624322
317		0.626604
318		0.627474
319		0.632283
320		0.633305
321		0.635014
322		0.636467
323		0.638739
324		0.641261
325		0.642371
326		0.645575
327		0.647717
328		0.648931
329		0.650332
330		0.652062
331		0.652927
332		0.659226
333		0.660623
334		0.660774
335		0.661373
336		0.66315
337		0.666609
338		0.669751
339		0.671486
340		0.672643
341		0.675186
342		0.677186
343		0.678713
344		0.681183
345		0.685883
346		0.686909
347		0.689452
348		0.694355
349		0.695574
350		0.698606
351		0.69969
352		0.700492
353		0.704921
354		0.707745
355		0.709293
356		0.709564
357		0.710574
358		0.71219
359		0.712825
360		0.717713
361		0.718885
362		0.719807
363		0.720495
364		0.72124
365		0.723658
366		0.727378
367		0.728363
368		0.729644
369		0.731921
370		0.734011
371		0.73807
372		0.738783
373		0.739971
374		0.740378
375		0.744739
376		0.745953
377		0.74835
378		0.750168
379		0.752909
380		0.754258
381		0.75591
382		0.756936
383		0.763194
384		0.7652
385		0.765768
386		0.766101
387		0.770494
388		0.772369
389		0.77349
390		0.776626
391		0.777741
392		0.779867
393		0.781326
394		0.784457
395		0.786703
396		0.788011
397		0.790627
398		0.792534
399		0.793742
400		0.797812
401		0.798932
402		0.801355
403		0.802475
404		0.803746
405		0.808352
406		0.809561
407		0.811515
408		0.812901
409		0.816095
410		0.819429
411		0.819789
412		0.821816
413		0.824134
414		0.826333
415		0.828105
416		0.829621
417		0.831471
418		0.835264
419		0.836613
420		0.837275
421		0.840156
422		0.841897
423		0.846075
424		0.847711
425		0.848644
426		0.849957
427		0.853161
428		0.855386
429		0.855819
430		0.858783
431		0.861425
432		0.863072
433		0.864286
434		0.865791
435		0.86885
436		0.872883
437		0.873294
438		0.874263
439		0.877989
440		0.880224
441		0.880459
442		0.88298
443		0.884601
444		0.887425
445		0.888951
446		0.890952
447		0.893219
448		0.894589
449		0.897866
450		0.898773
451		0.901154
452		0.904098
453		0.905896
454		0.906807
455		0.909183
456		0.911757
457		0.915029
458		0.915566
459		0.917588
460		0.918927
461		0.924439
462		0.92507
463		0.925846
464		0.928462
465		0.931254
466		0.9345
467		0.93512
468		0.936689
469		0.938804
470		0.941295
471		0.943035
472		0.945843
473		0.94872
474		0.950767
475		0.953331
476		0.955102
477		0.955915
478		0.959911
479		0.960855
480		0.961396
481		0.96335
482		0.966586
483		0.970311
484		0.971124
485		0.971807
486		0.973224
487		0.978007
488		0.981211
489		0.981983
490		0.982837
491		0.985166
492		0.985984
493		0.987318
494		0.989881
495		0.989996
496		0.99072
497		0.99158
498		0.992351
499		0.992596
500		0.995561
501		0.996165
502		0.997478
503		0.997629
504		0.998083
505		0.999984
506		0.99999
507		0.999995
508		1
509		1
510		1
511		1
512		1
513		1
514		1
515		1
516		1
517		1
518		1
519		1
520		1
521		1
522		1
523		1
524		1
525		1
526		1
527		1
528		1
529		1
530		1
531		1
532		1
533		1
534		1
535		1
536		1
537		1
538		1
539		1
540		1
541		1
542		1
543		1
544		1
545		1
546		1
547		1
548		1
549		1
550		1
551		1
552		1
553		1
554		1
555		1
556		1
557		1
558		1
559		1
560		1
561		1
562		1
563		1
564		1
565		1
566		1
567		1
568		1
569		1
570		1
571		1
572		1
573		1
574		1
575		1
576		1
577		1
578		1
579		1
580		1
581		1
582		1
583		1
584		1
585		1
586		1
587		1
588		1
589		1
590		1
591		1
592		1
593		1
594		1
595		1
596		1
597		1
598		1
599		1
600		1
