# Calibration file of tamex_id 2 @ channel 6
# fine_T bin		 Calibration value
1		0
2		0
3		0
4		0
5		0
6		0
7		0
8		0
9		0
10		0
11		0
12		0
13		0
14		0
15		0
16		0
17		0.0046734
18		0.010184
19		0.011067
20		0.0134265
21		0.0185109
22		0.0197744
23		0.0203681
24		0.0224384
25		0.0246609
26		0.0277664
27		0.0300954
28		0.0306891
29		0.0313894
30		0.0348754
31		0.035941
32		0.0367021
33		0.0378438
34		0.0411929
35		0.0444201
36		0.0463077
37		0.047419
38		0.0505853
39		0.0522598
40		0.0544215
41		0.0559285
42		0.0578466
43		0.060952
44		0.062383
45		0.0629614
46		0.0650013
47		0.0666758
48		0.0683351
49		0.0719277
50		0.0733434
51		0.0736631
52		0.0758704
53		0.0771339
54		0.0798435
55		0.0830555
56		0.0836949
57		0.084593
58		0.0876985
59		0.0903472
60		0.0928894
61		0.0933613
62		0.0959797
63		0.0973649
64		0.100379
65		0.10251
66		0.104002
67		0.104596
68		0.106438
69		0.10968
70		0.111446
71		0.113532
72		0.114962
73		0.118022
74		0.118753
75		0.119164
76		0.123472
77		0.125847
78		0.126973
79		0.128252
80		0.130185
81		0.13186
82		0.136153
83		0.136716
84		0.138619
85		0.140491
86		0.143094
87		0.143916
88		0.147585
89		0.149168
90		0.150279
91		0.152959
92		0.153857
93		0.154161
94		0.158347
95		0.161179
96		0.163447
97		0.163782
98		0.166294
99		0.167664
100		0.169506
101		0.171043
102		0.1729
103		0.175245
104		0.178061
105		0.180116
106		0.18106
107		0.183648
108		0.185733
109		0.188093
110		0.190133
111		0.193512
112		0.194562
113		0.194897
114		0.197668
115		0.199875
116		0.201702
117		0.202539
118		0.204061
119		0.20872
120		0.209268
121		0.210805
122		0.214672
123		0.21694
124		0.218888
125		0.219695
126		0.221339
127		0.225069
128		0.226469
129		0.227763
130		0.230275
131		0.232482
132		0.234598
133		0.236242
134		0.238176
135		0.239957
136		0.242743
137		0.244539
138		0.245711
139		0.248466
140		0.250567
141		0.251785
142		0.255575
143		0.256169
144		0.256687
145		0.26104
146		0.263689
147		0.264298
148		0.265333
149		0.269352
150		0.270463
151		0.272442
152		0.273021
153		0.276415
154		0.277846
155		0.280982
156		0.282398
157		0.28389
158		0.28459
159		0.285123
160		0.28902
161		0.293587
162		0.294911
163		0.29619
164		0.296692
165		0.299904
166		0.304517
167		0.305354
168		0.307957
169		0.308962
170		0.312021
171		0.314061
172		0.316299
173		0.316482
174		0.319191
175		0.32318
176		0.324854
177		0.325037
178		0.32901
179		0.330471
180		0.332161
181		0.332983
182		0.33449
183		0.337839
184		0.338996
185		0.33994
186		0.341569
187		0.343685
188		0.347262
189		0.34915
190		0.350109
191		0.352636
192		0.354295
193		0.355178
194		0.360826
195		0.361769
196		0.363535
197		0.364433
198		0.364662
199		0.367615
200		0.371771
201		0.372304
202		0.374618
203		0.375409
204		0.377525
205		0.380661
206		0.385197
207		0.386187
208		0.386491
209		0.388851
210		0.390647
211		0.3929
212		0.396356
213		0.398548
214		0.39905
215		0.400588
216		0.40179
217		0.405398
218		0.407164
219		0.407971
220		0.411959
221		0.412918
222		0.414593
223		0.41715
224		0.418627
225		0.420301
226		0.422676
227		0.424426
228		0.426071
229		0.428521
230		0.430242
231		0.43117
232		0.433606
233		0.436483
234		0.43831
235		0.44105
236		0.442816
237		0.443181
238		0.443607
239		0.450945
240		0.451447
241		0.452071
242		0.45402
243		0.457232
244		0.45781
245		0.461981
246		0.463153
247		0.465117
248		0.465832
249		0.467796
250		0.468527
251		0.473596
252		0.476108
253		0.477234
254		0.478239
255		0.479822
256		0.48206
257		0.483948
258		0.487175
259		0.489123
260		0.490356
261		0.492198
262		0.493812
263		0.495928
264		0.49809
265		0.500495
266		0.502413
267		0.5036
268		0.507284
269		0.507939
270		0.510877
271		0.51278
272		0.514835
273		0.518275
274		0.518595
275		0.519036
276		0.521137
277		0.524075
278		0.527804
279		0.529083
280		0.52954
281		0.532021
282		0.533087
283		0.534776
284		0.53881
285		0.542738
286		0.544291
287		0.544458
288		0.549771
289		0.553866
290		0.554794
291		0.556225
292		0.561295
293		0.561492
294		0.563274
295		0.564339
296		0.566333
297		0.570322
298		0.572559
299		0.573823
300		0.580764
301		0.583352
302		0.585103
303		0.588178
304		0.589365
305		0.591892
306		0.593765
307		0.595865
308		0.596535
309		0.599108
310		0.601056
311		0.606278
312		0.606704
313		0.60812
314		0.608698
315		0.612854
316		0.615549
317		0.618045
318		0.618684
319		0.620724
320		0.622992
321		0.624576
322		0.6266
323		0.631883
324		0.632568
325		0.633877
326		0.635338
327		0.63613
328		0.639905
329		0.642219
330		0.64298
331		0.645659
332		0.646862
333		0.649815
334		0.651627
335		0.654047
336		0.654306
337		0.657716
338		0.660273
339		0.663987
340		0.665586
341		0.668326
342		0.670685
343		0.673091
344		0.673821
345		0.677018
346		0.680428
347		0.681768
348		0.682179
349		0.682818
350		0.684066
351		0.687491
352		0.690475
353		0.693078
354		0.698071
355		0.699441
356		0.704511
357		0.705591
358		0.707723
359		0.711757
360		0.712411
361		0.714314
362		0.717267
363		0.71952
364		0.720571
365		0.721134
366		0.722976
367		0.725625
368		0.729278
369		0.731059
370		0.732323
371		0.732581
372		0.73657
373		0.739142
374		0.740375
375		0.74272
376		0.743664
377		0.746769
378		0.748261
379		0.751534
380		0.753711
381		0.755903
382		0.758673
383		0.759434
384		0.761185
385		0.76461
386		0.765737
387		0.767746
388		0.77038
389		0.772648
390		0.773668
391		0.775007
392		0.775586
393		0.777321
394		0.781629
395		0.784324
396		0.78545
397		0.78717
398		0.789164
399		0.790306
400		0.792118
401		0.795999
402		0.79807
403		0.798968
404		0.799851
405		0.801023
406		0.802241
407		0.808147
408		0.808863
409		0.810126
410		0.810278
411		0.815058
412		0.815606
413		0.818895
414		0.819838
415		0.822381
416		0.823081
417		0.825547
418		0.82643
419		0.830114
420		0.831895
421		0.833432
422		0.835381
423		0.837268
424		0.841044
425		0.841957
426		0.843053
427		0.847118
428		0.848701
429		0.849797
430		0.85173
431		0.853146
432		0.855003
433		0.857058
434		0.859022
435		0.860468
436		0.862736
437		0.865431
438		0.866664
439		0.867318
440		0.869693
441		0.872829
442		0.875143
443		0.876482
444		0.877533
445		0.881521
446		0.884748
447		0.885357
448		0.885814
449		0.88796
450		0.890716
451		0.893699
452		0.896668
453		0.897414
454		0.898144
455		0.900154
456		0.901554
457		0.904051
458		0.906837
459		0.908739
460		0.910627
461		0.911495
462		0.911951
463		0.916564
464		0.918771
465		0.92005
466		0.921298
467		0.922577
468		0.924449
469		0.926733
470		0.928422
471		0.931924
472		0.933492
473		0.934542
474		0.935775
475		0.938454
476		0.94057
477		0.942884
478		0.945335
479		0.946751
480		0.949536
481		0.949841
482		0.950176
483		0.954636
484		0.956234
485		0.960375
486		0.960893
487		0.96205
488		0.96415
489		0.966875
490		0.970316
491		0.971975
492		0.972843
493		0.974898
494		0.977211
495		0.978171
496		0.981306
497		0.983483
498		0.986421
499		0.986726
500		0.988446
501		0.988781
502		0.990927
503		0.991201
504		0.991993
505		0.99251
506		0.994276
507		0.994748
508		0.996468
509		0.996818
510		0.997671
511		0.998858
512		0.999026
513		0.999802
514		1
515		1
516		1
517		1
518		1
519		1
520		1
521		1
522		1
523		1
524		1
525		1
526		1
527		1
528		1
529		1
530		1
531		1
532		1
533		1
534		1
535		1
536		1
537		1
538		1
539		1
540		1
541		1
542		1
543		1
544		1
545		1
546		1
547		1
548		1
549		1
550		1
551		1
552		1
553		1
554		1
555		1
556		1
557		1
558		1
559		1
560		1
561		1
562		1
563		1
564		1
565		1
566		1
567		1
568		1
569		1
570		1
571		1
572		1
573		1
574		1
575		1
576		1
577		1
578		1
579		1
580		1
581		1
582		1
583		1
584		1
585		1
586		1
587		1
588		1
589		1
590		1
591		1
592		1
593		1
594		1
595		1
596		1
597		1
598		1
599		1
600		1
