# Calibration file of tamex_id 1 @ channel 0
# fine_T bin		 Calibration value
1		0
2		0
3		0
4		0
5		0
6		0
7		0
8		0
9		0
10		0
11		0
12		0
13		0
14		0
15		0
16		0
17		0.00209012
18		0.00849445
19		0.0088294
20		0.0101424
21		0.0155419
22		0.0180875
23		0.018878
24		0.0191192
25		0.0201777
26		0.0246527
27		0.0254699
28		0.0269705
29		0.0288999
30		0.0316465
31		0.0344735
32		0.0356928
33		0.0365636
34		0.0368986
35		0.0420837
36		0.0432091
37		0.0456476
38		0.0466391
39		0.0492115
40		0.0509533
41		0.0518108
42		0.052963
43		0.0576658
44		0.0590324
45		0.060265
46		0.0621408
47		0.0651554
48		0.0672187
49		0.0681565
50		0.0692954
51		0.0722966
52		0.073958
53		0.076584
54		0.0774951
55		0.0810054
56		0.0824256
57		0.0832295
58		0.0842746
59		0.0902501
60		0.0912818
61		0.0917373
62		0.0931308
63		0.0959176
64		0.0977799
65		0.0992135
66		0.101947
67		0.105712
68		0.106073
69		0.107547
70		0.108297
71		0.110187
72		0.115104
73		0.116604
74		0.117221
75		0.119485
76		0.120061
77		0.124268
78		0.124683
79		0.12672
80		0.12881
81		0.132106
82		0.134357
83		0.134799
84		0.135603
85		0.141404
86		0.143079
87		0.143655
88		0.14466
89		0.149725
90		0.150609
91		0.150689
92		0.154561
93		0.156236
94		0.159974
95		0.160604
96		0.161033
97		0.163927
98		0.166807
99		0.168911
100		0.171108
101		0.17281
102		0.174471
103		0.175101
104		0.178906
105		0.179857
106		0.183126
107		0.183796
108		0.186342
109		0.186958
110		0.189825
111		0.194341
112		0.194622
113		0.195426
114		0.196645
115		0.201013
116		0.2025
117		0.20451
118		0.206479
119		0.207015
120		0.212763
121		0.213406
122		0.214545
123		0.217519
124		0.21839
125		0.221552
126		0.222825
127		0.225518
128		0.228077
129		0.229484
130		0.231427
131		0.232941
132		0.235044
133		0.23897
134		0.239412
135		0.240243
136		0.242453
137		0.246192
138		0.247464
139		0.249863
140		0.25076
141		0.254123
142		0.255543
143		0.256937
144		0.259684
145		0.263341
146		0.263502
147		0.264118
148		0.266115
149		0.270724
150		0.27209
151		0.27406
152		0.275601
153		0.277208
154		0.279754
155		0.28234
156		0.283814
157		0.286319
158		0.287485
159		0.288771
160		0.291022
161		0.294264
162		0.297239
163		0.299208
164		0.300427
165		0.30237
166		0.304032
167		0.307743
168		0.308614
169		0.309605
170		0.311454
171		0.315232
172		0.316626
173		0.318167
174		0.318609
175		0.323459
176		0.32441
177		0.325495
178		0.326835
179		0.331739
180		0.3334
181		0.334231
182		0.335571
183		0.340461
184		0.342391
185		0.342685
186		0.343248
187		0.346624
188		0.349559
189		0.352345
190		0.352935
191		0.355695
192		0.357169
193		0.359473
194		0.364926
195		0.365261
196		0.366775
197		0.369093
198		0.369977
199		0.371156
200		0.376208
201		0.377869
202		0.379798
203		0.380642
204		0.381473
205		0.384608
206		0.388118
207		0.388842
208		0.389887
209		0.393424
210		0.394764
211		0.395943
212		0.3981
213		0.402213
214		0.40287
215		0.405134
216		0.406112
217		0.41123
218		0.411847
219		0.413535
220		0.415866
221		0.416911
222		0.421534
223		0.422766
224		0.4242
225		0.425473
226		0.426317
227		0.430765
228		0.432199
229		0.433471
230		0.43733
231		0.438522
232		0.439514
233		0.441818
234		0.444431
235		0.447231
236		0.448879
237		0.449697
238		0.450782
239		0.457119
240		0.457816
241		0.458981
242		0.46008
243		0.463202
244		0.465037
245		0.467463
246		0.469928
247		0.472406
248		0.474215
249		0.475046
250		0.476225
251		0.480231
252		0.482522
253		0.483674
254		0.484384
255		0.488096
256		0.489797
257		0.49107
258		0.494031
259		0.494634
260		0.49651
261		0.500194
262		0.501923
263		0.504107
264		0.506049
265		0.510511
266		0.51236
267		0.512748
268		0.513539
269		0.51721
270		0.518751
271		0.520426
272		0.522757
273		0.526361
274		0.528143
275		0.528438
276		0.529362
277		0.533944
278		0.536878
279		0.538835
280		0.54071
281		0.5428
282		0.543068
283		0.544448
284		0.54887
285		0.553439
286		0.55447
287		0.555395
288		0.557592
289		0.562362
290		0.56464
291		0.5661
292		0.567587
293		0.570843
294		0.572129
295		0.574018
296		0.574929
297		0.580369
298		0.581119
299		0.582392
300		0.588488
301		0.591315
302		0.592133
303		0.596661
304		0.597478
305		0.600212
306		0.602248
307		0.604486
308		0.606227
309		0.606884
310		0.608009
311		0.612632
312		0.615553
313		0.616008
314		0.617147
315		0.620416
316		0.623257
317		0.625119
318		0.626231
319		0.628254
320		0.629567
321		0.631885
322		0.633774
323		0.636641
324		0.637124
325		0.640862
326		0.641558
327		0.644158
328		0.646543
329		0.648365
330		0.649946
331		0.651634
332		0.653402
333		0.656363
334		0.658293
335		0.660396
336		0.663089
337		0.666359
338		0.668234
339		0.669628
340		0.67421
341		0.676568
342		0.679516
343		0.68178
344		0.683187
345		0.684634
346		0.687916
347		0.689792
348		0.690221
349		0.69156
350		0.69349
351		0.696317
352		0.697804
353		0.702038
354		0.704222
355		0.707491
356		0.711979
357		0.712703
358		0.715396
359		0.718424
360		0.720581
361		0.722149
362		0.724024
363		0.725913
364		0.727789
365		0.729169
366		0.730187
367		0.732854
368		0.735681
369		0.738039
370		0.739124
371		0.741214
372		0.742795
373		0.746399
374		0.747217
375		0.74853
376		0.750486
377		0.752964
378		0.75476
379		0.75685
380		0.75902
381		0.762919
382		0.763803
383		0.765116
384		0.766162
385		0.769377
386		0.772151
387		0.773758
388		0.774924
389		0.77755
390		0.779185
391		0.780779
392		0.78232
393		0.784155
394		0.785455
395		0.789072
396		0.790385
397		0.792409
398		0.794606
399		0.797125
400		0.798264
401		0.79892
402		0.802109
403		0.804775
404		0.806959
405		0.808473
406		0.808929
407		0.813872
408		0.815507
409		0.816592
410		0.81808
411		0.822514
412		0.823881
413		0.824872
414		0.826467
415		0.82991
416		0.831223
417		0.832751
418		0.833447
419		0.83685
420		0.838967
421		0.841272
422		0.842344
423		0.844715
424		0.847703
425		0.84923
426		0.852419
427		0.85321
428		0.85408
429		0.857765
430		0.859359
431		0.860297
432		0.863419
433		0.865589
434		0.866728
435		0.867988
436		0.870842
437		0.872999
438		0.873655
439		0.874432
440		0.877608
441		0.881547
442		0.881962
443		0.884936
444		0.885164
445		0.887991
446		0.891555
447		0.893203
448		0.894262
449		0.89745
450		0.898884
451		0.901162
452		0.90281
453		0.904377
454		0.906374
455		0.909321
456		0.909643
457		0.912054
458		0.913716
459		0.916235
460		0.919035
461		0.920187
462		0.920535
463		0.923429
464		0.924649
465		0.92706
466		0.930343
467		0.93104
468		0.93396
469		0.935876
470		0.936734
471		0.940124
472		0.942227
473		0.943111
474		0.945094
475		0.947493
476		0.948739
477		0.951365
478		0.953307
479		0.953723
480		0.957153
481		0.958935
482		0.960502
483		0.962432
484		0.964012
485		0.967188
486		0.968287
487		0.968997
488		0.972614
489		0.974945
490		0.977183
491		0.977813
492		0.978322
493		0.982596
494		0.98419
495		0.986361
496		0.987406
497		0.991867
498		0.993194
499		0.993622
500		0.995699
501		0.998258
502		0.998593
503		0.999102
504		0.999826
505		0.99996
506		1
507		1
508		1
509		1
510		1
511		1
512		1
513		1
514		1
515		1
516		1
517		1
518		1
519		1
520		1
521		1
522		1
523		1
524		1
525		1
526		1
527		1
528		1
529		1
530		1
531		1
532		1
533		1
534		1
535		1
536		1
537		1
538		1
539		1
540		1
541		1
542		1
543		1
544		1
545		1
546		1
547		1
548		1
549		1
550		1
551		1
552		1
553		1
554		1
555		1
556		1
557		1
558		1
559		1
560		1
561		1
562		1
563		1
564		1
565		1
566		1
567		1
568		1
569		1
570		1
571		1
572		1
573		1
574		1
575		1
576		1
577		1
578		1
579		1
580		1
581		1
582		1
583		1
584		1
585		1
586		1
587		1
588		1
589		1
590		1
591		1
592		1
593		1
594		1
595		1
596		1
597		1
598		1
599		1
600		1
