# Calibration file of tamex_id 0 @ channel 2
# fine_T bin		 Calibration value
1		0
2		0
3		0
4		0
5		0
6		0
7		0
8		0
9		0
10		0
11		0
12		0
13		0
14		0
15		0
16		0
17		0.00183464
18		0.00607279
19		0.00876074
20		0.010676
21		0.0146534
22		0.0162605
23		0.0188015
24		0.0204512
25		0.0208589
26		0.0249169
27		0.0253436
28		0.0262633
29		0.0286052
30		0.0307906
31		0.0333837
32		0.035299
33		0.0357256
34		0.0367828
35		0.042884
36		0.043415
37		0.0451311
38		0.0466149
39		0.049246
40		0.050872
41		0.0530765
42		0.0547499
43		0.0573668
44		0.060012
45		0.0617566
46		0.0621785
47		0.0651557
48		0.066995
49		0.0690477
50		0.0709061
51		0.0735703
52		0.0743668
53		0.0762346
54		0.0789605
55		0.080577
56		0.0823169
57		0.0842036
58		0.0848247
59		0.0865266
60		0.0912151
61		0.0940927
62		0.0951878
63		0.0971551
64		0.0989471
65		0.102114
66		0.103787
67		0.105731
68		0.106418
69		0.109945
70		0.111989
71		0.112975
72		0.114933
73		0.117938
74		0.119759
75		0.121058
76		0.123181
77		0.125135
78		0.126874
79		0.128249
80		0.129449
81		0.133222
82		0.13481
83		0.13728
84		0.138171
85		0.13993
86		0.142391
87		0.144548
88		0.145851
89		0.148577
90		0.149739
91		0.152768
92		0.155001
93		0.156162
94		0.158404
95		0.160557
96		0.163069
97		0.163249
98		0.165378
99		0.169327
100		0.171252
101		0.17164
102		0.173082
103		0.176466
104		0.180107
105		0.181411
106		0.181989
107		0.18518
108		0.1871
109		0.188437
110		0.189925
111		0.194343
112		0.196278
113		0.197875
114		0.19851
115		0.200938
116		0.204247
117		0.20583
118		0.208746
119		0.21013
120		0.212235
121		0.212699
122		0.215435
123		0.2167
124		0.21963
125		0.221503
126		0.223228
127		0.225319
128		0.226969
129		0.228078
130		0.230709
131		0.232672
132		0.23463
133		0.237839
134		0.239128
135		0.242016
136		0.242343
137		0.247847
138		0.248524
139		0.249928
140		0.251483
141		0.255114
142		0.256015
143		0.257427
144		0.259997
145		0.26269
146		0.265212
147		0.266022
148		0.267075
149		0.270573
150		0.271896
151		0.273991
152		0.275139
153		0.279234
154		0.280197
155		0.282667
156		0.283857
157		0.284407
158		0.288905
159		0.291593
160		0.292063
161		0.292774
162		0.295448
163		0.298548
164		0.301056
165		0.302587
166		0.302971
167		0.307811
168		0.308195
169		0.309731
170		0.31149
171		0.316705
172		0.318383
173		0.319374
174		0.319843
175		0.323076
176		0.325726
177		0.32813
178		0.329424
179		0.331846
180		0.334165
181		0.336284
182		0.336743
183		0.339891
184		0.342361
185		0.344224
186		0.345969
187		0.347182
188		0.349619
189		0.353284
190		0.354753
191		0.35508
192		0.356673
193		0.359883
194		0.362059
195		0.364903
196		0.365391
197		0.368022
198		0.370421
199		0.370995
200		0.372559
201		0.375427
202		0.378319
203		0.381168
204		0.381789
205		0.383795
206		0.386459
207		0.386781
208		0.389758
209		0.39329
210		0.394779
211		0.397035
212		0.397841
213		0.398656
214		0.402696
215		0.406545
216		0.4081
217		0.408602
218		0.410228
219		0.413575
220		0.415396
221		0.417994
222		0.419089
223		0.423275
224		0.424005
225		0.424469
226		0.42582
227		0.431348
228		0.432936
229		0.43534
230		0.436435
231		0.438578
232		0.440526
233		0.441768
234		0.443811
235		0.446025
236		0.449187
237		0.450989
238		0.451292
239		0.454701
240		0.456474
241		0.458996
242		0.461077
243		0.463362
244		0.464888
245		0.467699
246		0.468899
247		0.471483
248		0.473156
249		0.475261
250		0.4782
251		0.478409
252		0.479655
253		0.485961
254		0.486634
255		0.487478
256		0.489435
257		0.492901
258		0.494826
259		0.49593
260		0.496471
261		0.500908
262		0.502695
263		0.503529
264		0.505639
265		0.508953
266		0.511498
267		0.513494
268		0.514604
269		0.516751
270		0.518681
271		0.522312
272		0.522857
273		0.525047
274		0.528347
275		0.530651
276		0.531343
277		0.533263
278		0.534111
279		0.538478
280		0.540943
281		0.541464
282		0.542536
283		0.547409
284		0.548888
285		0.551358
286		0.554074
287		0.556288
288		0.557748
289		0.560465
290		0.565073
291		0.566367
292		0.568254
293		0.568732
294		0.570757
295		0.573843
296		0.576967
297		0.57884
298		0.581561
299		0.58404
300		0.586956
301		0.590236
302		0.591843
303		0.59538
304		0.598144
305		0.600064
306		0.601012
307		0.602993
308		0.604999
309		0.607668
310		0.609057
311		0.612185
312		0.61439
313		0.616888
314		0.617533
315		0.61895
316		0.621615
317		0.625791
318		0.627047
319		0.627958
320		0.629361
321		0.633703
322		0.63441
323		0.634988
324		0.637173
325		0.6397
326		0.642341
327		0.644412
328		0.645413
329		0.648049
330		0.649129
331		0.652031
332		0.652419
333		0.656131
334		0.658037
335		0.659417
336		0.662204
337		0.664646
338		0.665949
339		0.670571
340		0.671799
341		0.674392
342		0.677711
343		0.680712
344		0.682233
345		0.684163
346		0.686382
347		0.68969
348		0.692525
349		0.69272
350		0.693236
351		0.694474
352		0.696446
353		0.701125
354		0.70359
355		0.704936
356		0.709066
357		0.71146
358		0.713778
359		0.716489
360		0.717641
361		0.723084
362		0.724056
363		0.724383
364		0.726563
365		0.729104
366		0.731987
367		0.733058
368		0.734295
369		0.737614
370		0.739174
371		0.741392
372		0.743075
373		0.746237
374		0.747598
375		0.748935
376		0.7513
377		0.753523
378		0.75568
379		0.758131
380		0.759279
381		0.761649
382		0.763849
383		0.766176
384		0.7683
385		0.769163
386		0.77131
387		0.773302
388		0.774055
389		0.777525
390		0.780043
391		0.783006
392		0.783807
393		0.785115
394		0.787154
395		0.790875
396		0.792274
397		0.794085
398		0.795673
399		0.799314
400		0.800304
401		0.802476
402		0.803594
403		0.805201
404		0.809179
405		0.811326
406		0.812739
407		0.815204
408		0.815636
409		0.819916
410		0.820116
411		0.821803
412		0.82315
413		0.827331
414		0.828355
415		0.828957
416		0.830853
417		0.832726
418		0.834887
419		0.837424
420		0.838471
421		0.842999
422		0.843885
423		0.844369
424		0.847716
425		0.850736
426		0.85339
427		0.854637
428		0.855007
429		0.857865
430		0.859558
431		0.86116
432		0.863312
433		0.86555
434		0.867982
435		0.870272
436		0.87113
437		0.873135
438		0.875349
439		0.877454
440		0.879805
441		0.881052
442		0.883361
443		0.884683
444		0.888414
445		0.889187
446		0.89178
447		0.894681
448		0.895302
449		0.897113
450		0.899635
451		0.903556
452		0.90476
453		0.906642
454		0.907159
455		0.909363
456		0.912502
457		0.914071
458		0.915171
459		0.917991
460		0.918854
461		0.922585
462		0.924202
463		0.926117
464		0.928146
465		0.930502
466		0.932246
467		0.933498
468		0.936352
469		0.939457
470		0.941775
471		0.942026
472		0.943728
473		0.946952
474		0.949351
475		0.950806
476		0.952134
477		0.955395
478		0.956594
479		0.958747
480		0.960558
481		0.962302
482		0.964744
483		0.96591
484		0.968304
485		0.971589
486		0.972703
487		0.975932
488		0.976335
489		0.978994
490		0.980516
491		0.982706
492		0.98483
493		0.987271
494		0.988466
495		0.9916
496		0.992661
497		0.995425
498		0.995871
499		0.99963
500		0.999753
501		0.999972
502		1
503		1
504		1
505		1
506		1
507		1
508		1
509		1
510		1
511		1
512		1
513		1
514		1
515		1
516		1
517		1
518		1
519		1
520		1
521		1
522		1
523		1
524		1
525		1
526		1
527		1
528		1
529		1
530		1
531		1
532		1
533		1
534		1
535		1
536		1
537		1
538		1
539		1
540		1
541		1
542		1
543		1
544		1
545		1
546		1
547		1
548		1
549		1
550		1
551		1
552		1
553		1
554		1
555		1
556		1
557		1
558		1
559		1
560		1
561		1
562		1
563		1
564		1
565		1
566		1
567		1
568		1
569		1
570		1
571		1
572		1
573		1
574		1
575		1
576		1
577		1
578		1
579		1
580		1
581		1
582		1
583		1
584		1
585		1
586		1
587		1
588		1
589		1
590		1
591		1
592		1
593		1
594		1
595		1
596		1
597		1
598		1
599		1
600		1
