# Calibration file of tamex_id 0 @ channel 3
# fine_T bin		 Calibration value
1		0
2		0
3		0
4		0
5		0
6		0
7		0
8		0
9		0
10		0
11		0
12		0
13		0
14		0
15		0
16		0
17		0.00216221
18		0.00835576
19		0.00881703
20		0.0124592
21		0.016207
22		0.0181386
23		0.0200125
24		0.0208053
25		0.021848
26		0.0260811
27		0.0294109
28		0.0296319
29		0.0311407
30		0.0329521
31		0.0357486
32		0.0376129
33		0.0391024
34		0.0405343
35		0.0437392
36		0.0463771
37		0.0472131
38		0.0497886
39		0.0516481
40		0.0535364
41		0.0554584
42		0.057808
43		0.0601144
44		0.0620892
45		0.0628195
46		0.0657794
47		0.0680665
48		0.0708005
49		0.0717423
50		0.0731357
51		0.0758697
52		0.0788824
53		0.0796127
54		0.0826158
55		0.0855468
56		0.0868633
57		0.0891361
58		0.0909091
59		0.0948347
60		0.096526
61		0.0987507
62		0.0990102
63		0.10122
64		0.103748
65		0.106266
66		0.108889
67		0.110186
68		0.112997
69		0.113233
70		0.115015
71		0.118768
72		0.120171
73		0.121997
74		0.124923
75		0.125884
76		0.130382
77		0.131194
78		0.131727
79		0.135273
80		0.13731
81		0.139362
82		0.141712
83		0.143874
84		0.144508
85		0.147819
86		0.149765
87		0.153772
88		0.154171
89		0.156511
90		0.157015
91		0.161815
92		0.1633
93		0.165775
94		0.167817
95		0.169979
96		0.171564
97		0.17229
98		0.17536
99		0.178498
100		0.179839
101		0.181684
102		0.183385
103		0.186412
104		0.187762
105		0.190832
106		0.191457
107		0.194796
108		0.197064
109		0.197862
110		0.199318
111		0.203522
112		0.20553
113		0.206736
114		0.207068
115		0.21084
116		0.213233
117		0.21453
118		0.217624
119		0.219614
120		0.220752
121		0.223054
122		0.224524
123		0.226499
124		0.229603
125		0.233735
126		0.234024
127		0.237536
128		0.238262
129		0.240702
130		0.243105
131		0.244907
132		0.247059
133		0.250591
134		0.251557
135		0.253099
136		0.255929
137		0.259346
138		0.261344
139		0.261839
140		0.26442
141		0.266121
142		0.268143
143		0.270839
144		0.272593
145		0.276144
146		0.27722
147		0.278796
148		0.281275
149		0.284302
150		0.28646
151		0.287786
152		0.289011
153		0.292264
154		0.29545
155		0.297155
156		0.297852
157		0.299986
158		0.301514
159		0.30455
160		0.307376
161		0.309528
162		0.310254
163		0.313593
164		0.314641
165		0.318091
166		0.318576
167		0.321742
168		0.322819
169		0.324659
170		0.326922
171		0.330084
172		0.332332
173		0.332923
174		0.334764
175		0.339362
176		0.340972
177		0.341755
178		0.343941
179		0.346507
180		0.348352
181		0.350529
182		0.351749
183		0.354526
184		0.358024
185		0.359096
186		0.360355
187		0.363362
188		0.36526
189		0.367624
190		0.369071
191		0.373011
192		0.373554
193		0.37672
194		0.379747
195		0.380756
196		0.382842
197		0.383485
198		0.38744
199		0.389175
200		0.391519
201		0.393778
202		0.394974
203		0.39718
204		0.399395
205		0.402763
206		0.4043
207		0.407068
208		0.408111
209		0.409331
210		0.412887
211		0.414833
212		0.415462
213		0.417692
214		0.42094
215		0.424548
216		0.425423
217		0.427436
218		0.428104
219		0.433072
220		0.435076
221		0.437267
222		0.438122
223		0.441519
224		0.442596
225		0.444388
226		0.446444
227		0.447352
228		0.452157
229		0.453757
230		0.454762
231		0.457058
232		0.458875
233		0.460393
234		0.463377
235		0.465486
236		0.465678
237		0.468888
238		0.471704
239		0.474928
240		0.476542
241		0.48016
242		0.481443
243		0.484591
244		0.484759
245		0.487584
246		0.489501
247		0.493855
248		0.494359
249		0.494979
250		0.497391
251		0.498323
252		0.502109
253		0.503834
254		0.506367
255		0.50948
256		0.510167
257		0.51268
258		0.515222
259		0.516808
260		0.520089
261		0.521819
262		0.523265
263		0.525245
264		0.526514
265		0.529065
266		0.530997
267		0.534994
268		0.536128
269		0.540102
270		0.540337
271		0.542937
272		0.545219
273		0.548083
274		0.549044
275		0.550971
276		0.55246
277		0.554685
278		0.558409
279		0.559557
280		0.560124
281		0.561652
282		0.563949
283		0.567355
284		0.568994
285		0.572055
286		0.574635
287		0.577162
288		0.577974
289		0.580492
290		0.585619
291		0.5872
292		0.588944
293		0.590698
294		0.590847
295		0.596334
296		0.598083
297		0.600043
298		0.605612
299		0.607448
300		0.610888
301		0.614703
302		0.61639
303		0.619618
304		0.620637
305		0.623741
306		0.624351
307		0.627599
308		0.630199
309		0.631727
310		0.633764
311		0.635066
312		0.635513
313		0.640606
314		0.641207
315		0.643398
316		0.64607
317		0.648304
318		0.649726
319		0.651134
320		0.654046
321		0.655824
322		0.658855
323		0.661047
324		0.661758
325		0.666481
326		0.668513
327		0.670099
328		0.672122
329		0.675096
330		0.675923
331		0.677566
332		0.68055
333		0.683048
334		0.684
335		0.685806
336		0.686935
337		0.690938
338		0.692173
339		0.696291
340		0.698213
341		0.700697
342		0.701711
343		0.707328
344		0.709475
345		0.710686
346		0.711051
347		0.715654
348		0.719119
349		0.719873
350		0.722977
351		0.723525
352		0.723683
353		0.727772
354		0.729118
355		0.732236
356		0.734879
357		0.737368
358		0.739621
359		0.743955
360		0.746401
361		0.749111
362		0.750754
363		0.753685
364		0.75444
365		0.758966
366		0.759759
367		0.763218
368		0.764905
369		0.766087
370		0.76836
371		0.770642
372		0.773092
373		0.775485
374		0.777119
375		0.779781
376		0.781967
377		0.783197
378		0.786311
379		0.787623
380		0.790587
381		0.790847
382		0.793533
383		0.79619
384		0.797559
385		0.799375
386		0.800999
387		0.803613
388		0.806616
389		0.809192
390		0.81009
391		0.810686
392		0.813017
393		0.816543
394		0.817408
395		0.82144
396		0.821958
397		0.825562
398		0.827724
399		0.829344
400		0.831621
401		0.833466
402		0.834581
403		0.837296
404		0.839823
405		0.841524
406		0.844484
407		0.845637
408		0.847598
409		0.849375
410		0.851023
411		0.853042
412		0.856145
413		0.85752
414		0.860672
415		0.861469
416		0.862771
417		0.866029
418		0.868417
419		0.870017
420		0.871401
421		0.874894
422		0.875562
423		0.878628
424		0.879896
425		0.881693
426		0.884783
427		0.885047
428		0.887209
429		0.891039
430		0.892245
431		0.89445
432		0.895781
433		0.897362
434		0.900211
435		0.904046
436		0.904569
437		0.905689
438		0.907049
439		0.912195
440		0.914131
441		0.915135
442		0.917836
443		0.920109
444		0.921574
445		0.924351
446		0.925846
447		0.9287
448		0.930074
449		0.931986
450		0.932356
451		0.937363
452		0.938905
453		0.94101
454		0.941663
455		0.942745
456		0.944777
457		0.948059
458		0.94999
459		0.952595
460		0.954103
461		0.956559
462		0.957832
463		0.961335
464		0.961849
465		0.963608
466		0.967442
467		0.968744
468		0.970286
469		0.973011
470		0.974318
471		0.975817
472		0.977897
473		0.98215
474		0.984283
475		0.984783
476		0.986484
477		0.987964
478		0.991558
479		0.993533
480		0.995397
481		0.995647
482		0.996632
483		0.997847
484		0.998477
485		0.999491
486		0.999962
487		1
488		1
489		1
490		1
491		1
492		1
493		1
494		1
495		1
496		1
497		1
498		1
499		1
500		1
501		1
502		1
503		1
504		1
505		1
506		1
507		1
508		1
509		1
510		1
511		1
512		1
513		1
514		1
515		1
516		1
517		1
518		1
519		1
520		1
521		1
522		1
523		1
524		1
525		1
526		1
527		1
528		1
529		1
530		1
531		1
532		1
533		1
534		1
535		1
536		1
537		1
538		1
539		1
540		1
541		1
542		1
543		1
544		1
545		1
546		1
547		1
548		1
549		1
550		1
551		1
552		1
553		1
554		1
555		1
556		1
557		1
558		1
559		1
560		1
561		1
562		1
563		1
564		1
565		1
566		1
567		1
568		1
569		1
570		1
571		1
572		1
573		1
574		1
575		1
576		1
577		1
578		1
579		1
580		1
581		1
582		1
583		1
584		1
585		1
586		1
587		1
588		1
589		1
590		1
591		1
592		1
593		1
594		1
595		1
596		1
597		1
598		1
599		1
600		1
