# Calibration file of tamex_id 1 @ channel 12
# fine_T bin		 Calibration value
1		0
2		0
3		0
4		0
5		0
6		0
7		0
8		0
9		0
10		0
11		0
12		0
13		0
14		0
15		0
16		0
17		4.06383e-05
18		0.00678659
19		0.00740972
20		0.00967191
21		0.014982
22		0.0170952
23		0.01719
24		0.0190729
25		0.0213622
26		0.0239089
27		0.0256969
28		0.027905
29		0.0299775
30		0.0307903
31		0.0341768
32		0.0347864
33		0.0380103
34		0.0403403
35		0.0405028
36		0.0441061
37		0.0470998
38		0.0473301
39		0.048915
40		0.0509604
41		0.0527891
42		0.0575709
43		0.0585733
44		0.0599957
45		0.0618921
46		0.0632061
47		0.0658476
48		0.0683536
49		0.0696947
50		0.0713879
51		0.0731218
52		0.0769554
53		0.0776056
54		0.0791092
55		0.083322
56		0.0838639
57		0.0844328
58		0.0872233
59		0.0902441
60		0.0932649
61		0.093888
62		0.0950394
63		0.098006
64		0.0993471
65		0.102056
66		0.105849
67		0.107868
68		0.108179
69		0.109182
70		0.111024
71		0.114979
72		0.118542
73		0.119504
74		0.121305
75		0.121685
76		0.126331
77		0.127564
78		0.129216
79		0.130584
80		0.131722
81		0.13519
82		0.136951
83		0.138333
84		0.139891
85		0.143169
86		0.144117
87		0.146203
88		0.147219
89		0.150863
90		0.151472
91		0.153369
92		0.154385
93		0.159383
94		0.160643
95		0.161469
96		0.161889
97		0.165438
98		0.169678
99		0.170898
100		0.17213
101		0.173526
102		0.175354
103		0.176912
104		0.181409
105		0.18206
106		0.182899
107		0.185771
108		0.187166
109		0.1876
110		0.191325
111		0.193628
112		0.19608
113		0.19696
114		0.197529
115		0.20265
116		0.204763
117		0.204952
118		0.206334
119		0.211089
120		0.211726
121		0.214042
122		0.215681
123		0.220788
124		0.221194
125		0.221939
126		0.222495
127		0.227141
128		0.22962
129		0.231706
130		0.232207
131		0.235214
132		0.236501
133		0.23791
134		0.240416
135		0.242922
136		0.24513
137		0.247108
138		0.247609
139		0.251212
140		0.252039
141		0.254775
142		0.257403
143		0.258595
144		0.260478
145		0.262794
146		0.263621
147		0.264609
148		0.266506
149		0.271071
150		0.272371
151		0.273591
152		0.275433
153		0.279361
154		0.280472
155		0.281366
156		0.283655
157		0.287543
158		0.287719
159		0.289995
160		0.291295
161		0.297662
162		0.298177
163		0.298989
164		0.301346
165		0.30388
166		0.307686
167		0.308539
168		0.311127
169		0.31198
170		0.314527
171		0.316599
172		0.318333
173		0.320582
174		0.322302
175		0.325025
176		0.325919
177		0.326271
178		0.330579
179		0.331934
180		0.334683
181		0.335537
182		0.336593
183		0.340779
184		0.342432
185		0.343786
186		0.346062
187		0.349896
188		0.35186
189		0.352876
190		0.35312
191		0.357712
192		0.359378
193		0.360895
194		0.362805
195		0.365392
196		0.367343
197		0.36882
198		0.369876
199		0.371556
200		0.375295
201		0.378681
202		0.379453
203		0.38074
204		0.382813
205		0.386037
206		0.389938
207		0.390846
208		0.391807
209		0.395316
210		0.398039
211		0.398607
212		0.399813
213		0.404202
214		0.405557
215		0.406044
216		0.407507
217		0.410433
218		0.41512
219		0.415432
220		0.416732
221		0.418791
222		0.421351
223		0.421514
224		0.423912
225		0.427488
226		0.429018
227		0.430834
228		0.43315
229		0.435033
230		0.43823
231		0.43911
232		0.441372
233		0.44335
234		0.44545
235		0.446615
236		0.448538
237		0.450096
238		0.452074
239		0.455691
240		0.458034
241		0.45859
242		0.461258
243		0.464225
244		0.465363
245		0.46753
246		0.468356
247		0.472393
248		0.473572
249		0.474059
250		0.476701
251		0.482228
252		0.483054
253		0.48365
254		0.484259
255		0.488906
256		0.492685
257		0.493471
258		0.495205
259		0.49916
260		0.500108
261		0.500948
262		0.502845
263		0.506543
264		0.509035
265		0.512733
266		0.513194
267		0.514156
268		0.51742
269		0.518734
270		0.523055
271		0.523692
272		0.524193
273		0.527526
274		0.528596
275		0.530519
276		0.533716
277		0.534488
278		0.536087
279		0.537211
280		0.538661
281		0.543212
282		0.544716
283		0.545623
284		0.54668
285		0.553602
286		0.554184
287		0.556325
288		0.559955
289		0.562678
290		0.563152
291		0.563694
292		0.5696
293		0.570833
294		0.572147
295		0.572214
296		0.572214
297		0.573637
298		0.5777
299		0.580125
300		0.581697
301		0.58194
302		0.583092
303		0.586709
304		0.587725
305		0.590488
306		0.591368
307		0.5942
308		0.596773
309		0.597762
310		0.601081
311		0.601704
312		0.605565
313		0.607664
314		0.60887
315		0.609859
316		0.611728
317		0.61632
318		0.617594
319		0.617892
320		0.618664
321		0.623798
322		0.624895
323		0.626385
324		0.627686
325		0.632887
326		0.633659
327		0.634865
328		0.635935
329		0.640541
330		0.641706
331		0.642518
332		0.644049
333		0.647341
334		0.649332
335		0.650985
336		0.652935
337		0.654683
338		0.656606
339		0.657622
340		0.659912
341		0.663176
342		0.665398
343		0.667755
344		0.669827
345		0.673471
346		0.677142
347		0.678998
348		0.681044
349		0.68317
350		0.683902
351		0.68737
352		0.69123
353		0.691501
354		0.693073
355		0.693614
356		0.694292
357		0.695565
358		0.699534
359		0.699886
360		0.701769
361		0.702704
362		0.705196
363		0.708732
364		0.70987
365		0.710303
366		0.712457
367		0.71606
368		0.718404
369		0.721099
370		0.72217
371		0.724242
372		0.726829
373		0.728252
374		0.730202
375		0.732451
376		0.734226
377		0.735959
378		0.736705
379		0.738411
380		0.741825
381		0.744643
382		0.745103
383		0.74597
384		0.74746
385		0.751348
386		0.753895
387		0.755981
388		0.756997
389		0.760952
390		0.762591
391		0.764718
392		0.765517
393		0.768037
394		0.770285
395		0.770976
396		0.772818
397		0.775826
398		0.777383
399		0.778223
400		0.77993
401		0.782829
402		0.78566
403		0.787489
404		0.788925
405		0.789792
406		0.792623
407		0.79605
408		0.79647
409		0.80117
410		0.801699
411		0.803676
412		0.805437
413		0.806914
414		0.810639
415		0.812183
416		0.813931
417		0.815462
418		0.816301
419		0.820582
420		0.822302
421		0.823427
422		0.825161
423		0.828222
424		0.829739
425		0.832164
426		0.833613
427		0.836228
428		0.838368
429		0.839316
430		0.83956
431		0.847037
432		0.847606
433		0.847972
434		0.849286
435		0.853269
436		0.853946
437		0.85694
438		0.85759
439		0.859988
440		0.862439
441		0.86351
442		0.864959
443		0.868752
444		0.871448
445		0.87203
446		0.873425
447		0.877774
448		0.878207
449		0.880293
450		0.883097
451		0.884154
452		0.887432
453		0.888516
454		0.889802
455		0.890832
456		0.894991
457		0.898404
458		0.899054
459		0.90003
460		0.902888
461		0.906329
462		0.906925
463		0.908957
464		0.909918
465		0.912262
466		0.916407
467		0.917586
468		0.9181
469		0.920986
470		0.924697
471		0.925361
472		0.926702
473		0.931023
474		0.931524
475		0.9325
476		0.935791
477		0.937065
478		0.939544
479		0.94037
480		0.941833
481		0.945707
482		0.948335
483		0.950259
484		0.951261
485		0.953469
486		0.955311
487		0.955515
488		0.961069
489		0.9618
490		0.96478
491		0.965024
492		0.966501
493		0.96711
494		0.972407
495		0.975888
496		0.975996
497		0.976687
498		0.977351
499		0.981239
500		0.984476
501		0.98556
502		0.986969
503		0.990098
504		0.990951
505		0.992414
506		0.995489
507		0.9979
508		0.998916
509		0.99939
510		0.99981
511		1
512		1
513		1
514		1
515		1
516		1
517		1
518		1
519		1
520		1
521		1
522		1
523		1
524		1
525		1
526		1
527		1
528		1
529		1
530		1
531		1
532		1
533		1
534		1
535		1
536		1
537		1
538		1
539		1
540		1
541		1
542		1
543		1
544		1
545		1
546		1
547		1
548		1
549		1
550		1
551		1
552		1
553		1
554		1
555		1
556		1
557		1
558		1
559		1
560		1
561		1
562		1
563		1
564		1
565		1
566		1
567		1
568		1
569		1
570		1
571		1
572		1
573		1
574		1
575		1
576		1
577		1
578		1
579		1
580		1
581		1
582		1
583		1
584		1
585		1
586		1
587		1
588		1
589		1
590		1
591		1
592		1
593		1
594		1
595		1
596		1
597		1
598		1
599		1
600		1
