# Calibration file of tamex_id 0 @ channel 6
# fine_T bin		 Calibration value
1		0
2		0
3		0
4		0
5		0
6		0
7		0
8		0
9		0
10		0
11		0
12		0
13		0
14		0
15		0
16		0
17		0.00270759
18		0.00601152
19		0.00801216
20		0.00938278
21		0.0144613
22		0.0156925
23		0.0171449
24		0.0193667
25		0.0212808
26		0.0243972
27		0.0252532
28		0.0257822
29		0.0284706
30		0.0304904
31		0.0318178
32		0.0333904
33		0.0343042
34		0.0375744
35		0.0407389
36		0.0424606
37		0.042653
38		0.0448075
39		0.0474526
40		0.0489578
41		0.0528774
42		0.0539979
43		0.0559072
44		0.0565853
45		0.0585667
46		0.0607356
47		0.0643473
48		0.066247
49		0.0676994
50		0.068993
51		0.0713736
52		0.072119
53		0.0763896
54		0.076909
55		0.0793184
56		0.080011
57		0.0815307
58		0.0823338
59		0.0894707
60		0.0899372
61		0.0909087
62		0.0916733
63		0.0946021
64		0.0977714
65		0.0999356
66		0.101022
67		0.103254
68		0.105336
69		0.105659
70		0.108861
71		0.110121
72		0.111665
73		0.113978
74		0.114844
75		0.116787
76		0.120851
77		0.122154
78		0.123991
79		0.124968
80		0.128661
81		0.131176
82		0.132229
83		0.133158
84		0.134148
85		0.140588
86		0.143238
87		0.143685
88		0.145378
89		0.147412
90		0.149398
91		0.150615
92		0.153842
93		0.154679
94		0.157069
95		0.157762
96		0.159902
97		0.162465
98		0.164634
99		0.166721
100		0.168347
101		0.169227
102		0.172199
103		0.174224
104		0.176806
105		0.177628
106		0.179874
107		0.181452
108		0.182635
109		0.185198
110		0.187608
111		0.189613
112		0.192576
113		0.193321
114		0.194961
115		0.197967
116		0.200405
117		0.20267
118		0.203536
119		0.207773
120		0.20884
121		0.209894
122		0.212539
123		0.213399
124		0.217175
125		0.219935
126		0.222191
127		0.222643
128		0.224437
129		0.227274
130		0.227587
131		0.230487
132		0.232872
133		0.235483
134		0.23684
135		0.238258
136		0.238523
137		0.242837
138		0.244106
139		0.246189
140		0.247646
141		0.25045
142		0.25272
143		0.253749
144		0.254956
145		0.259198
146		0.261242
147		0.262232
148		0.263839
149		0.266306
150		0.268032
151		0.270668
152		0.272678
153		0.274712
154		0.277477
155		0.278406
156		0.279122
157		0.282065
158		0.284143
159		0.286711
160		0.287832
161		0.288957
162		0.291948
163		0.295551
164		0.297715
165		0.298975
166		0.299499
167		0.301533
168		0.304029
169		0.305712
170		0.308632
171		0.311392
172		0.311945
173		0.314662
174		0.316235
175		0.320039
176		0.321294
177		0.322891
178		0.323867
179		0.326608
180		0.32872
181		0.330942
182		0.332644
183		0.335655
184		0.337944
185		0.339228
186		0.339483
187		0.342488
188		0.344956
189		0.347413
190		0.350049
191		0.351501
192		0.352371
193		0.355416
194		0.356931
195		0.357594
196		0.36059
197		0.364
198		0.36502
199		0.366948
200		0.368256
201		0.370093
202		0.372474
203		0.375061
204		0.377192
205		0.378846
206		0.38025
207		0.383348
208		0.384867
209		0.38769
210		0.388243
211		0.389657
212		0.391985
213		0.394688
214		0.396544
215		0.398761
216		0.399858
217		0.401733
218		0.404268
219		0.406331
220		0.408971
221		0.410342
222		0.411684
223		0.414324
224		0.416127
225		0.417406
226		0.420379
227		0.42249
228		0.424058
229		0.426304
230		0.427607
231		0.429189
232		0.433166
233		0.434181
234		0.435388
235		0.438153
236		0.439211
237		0.440736
238		0.442592
239		0.445747
240		0.447748
241		0.449268
242		0.452009
243		0.454005
244		0.456376
245		0.456525
246		0.459612
247		0.460949
248		0.465537
249		0.466182
250		0.468028
251		0.468341
252		0.471496
253		0.473934
254		0.47731
255		0.478094
256		0.479575
257		0.481773
258		0.483182
259		0.486428
260		0.487217
261		0.490353
262		0.492209
263		0.493719
264		0.494594
265		0.498221
266		0.500072
267		0.501462
268		0.503958
269		0.505824
270		0.506757
271		0.510061
272		0.511989
273		0.513625
274		0.5155
275		0.516678
276		0.518544
277		0.519973
278		0.525263
279		0.525648
280		0.528971
281		0.530375
282		0.531361
283		0.534107
284		0.538642
285		0.542009
286		0.543471
287		0.544216
288		0.546236
289		0.550088
290		0.552031
291		0.553522
292		0.554512
293		0.555729
294		0.558105
295		0.561722
296		0.563429
297		0.567651
298		0.569628
299		0.571196
300		0.575062
301		0.57864
302		0.58079
303		0.582815
304		0.583959
305		0.585676
306		0.588629
307		0.590966
308		0.593712
309		0.594597
310		0.595934
311		0.599729
312		0.600123
313		0.600643
314		0.604528
315		0.607193
316		0.608905
317		0.61105
318		0.611713
319		0.61456
320		0.617422
321		0.617989
322		0.620399
323		0.62213
324		0.623347
325		0.627127
326		0.628632
327		0.630022
328		0.632056
329		0.633186
330		0.635827
331		0.639169
332		0.640242
333		0.642622
334		0.644642
335		0.645782
336		0.648085
337		0.650125
338		0.65226
339		0.652842
340		0.657007
341		0.658363
342		0.66359
343		0.666158
344		0.6675
345		0.670068
346		0.671997
347		0.674233
348		0.674791
349		0.67684
350		0.680971
351		0.68162
352		0.682678
353		0.685559
354		0.685915
355		0.689671
356		0.695735
357		0.696101
358		0.697423
359		0.701449
360		0.70469
361		0.707272
362		0.708374
363		0.711322
364		0.712861
365		0.714703
366		0.717285
367		0.718377
368		0.719945
369		0.723715
370		0.725095
371		0.726158
372		0.72863
373		0.731117
374		0.731963
375		0.734488
376		0.736176
377		0.739186
378		0.741908
379		0.742659
380		0.743698
381		0.746107
382		0.749478
383		0.750378
384		0.753374
385		0.753912
386		0.757702
387		0.758861
388		0.760357
389		0.762362
390		0.76331
391		0.766041
392		0.768604
393		0.770163
394		0.772572
395		0.775006
396		0.776371
397		0.77818
398		0.780315
399		0.782604
400		0.78308
401		0.785475
402		0.787389
403		0.789337
404		0.792708
405		0.79354
406		0.794238
407		0.796738
408		0.799153
409		0.800441
410		0.803452
411		0.806068
412		0.806641
413		0.807213
414		0.811738
415		0.813268
416		0.815754
417		0.816918
418		0.817365
419		0.820611
420		0.82292
421		0.82467
422		0.825618
423		0.826632
424		0.82997
425		0.832288
426		0.833644
427		0.835558
428		0.838083
429		0.839093
430		0.840719
431		0.844403
432		0.845297
433		0.846471
434		0.847779
435		0.849168
436		0.850429
437		0.856358
438		0.857589
439		0.858397
440		0.859614
441		0.863134
442		0.865529
443		0.866972
444		0.868155
445		0.870396
446		0.873383
447		0.874446
448		0.87723
449		0.878899
450		0.879351
451		0.882838
452		0.883651
453		0.886488
454		0.888854
455		0.890412
456		0.892952
457		0.89439
458		0.895933
459		0.899357
460		0.900872
461		0.902609
462		0.903542
463		0.908788
464		0.909101
465		0.910178
466		0.912371
467		0.915064
468		0.916122
469		0.918662
470		0.919215
471		0.923312
472		0.924269
473		0.925914
474		0.926857
475		0.92954
476		0.933633
477		0.934138
478		0.935614
479		0.937355
480		0.940981
481		0.943347
482		0.945276
483		0.946017
484		0.947738
485		0.949994
486		0.95286
487		0.953668
488		0.957073
489		0.959045
490		0.960199
491		0.960901
492		0.963118
493		0.966908
494		0.967374
495		0.969712
496		0.9714
497		0.973694
498		0.976007
499		0.978099
500		0.97932
501		0.981167
502		0.983899
503		0.985529
504		0.986149
505		0.990184
506		0.990574
507		0.99081
508		0.992454
509		0.993094
510		0.993671
511		0.995994
512		0.996028
513		0.996239
514		0.998019
515		0.999226
516		0.999303
517		0.999976
518		0.999981
519		1
520		1
521		1
522		1
523		1
524		1
525		1
526		1
527		1
528		1
529		1
530		1
531		1
532		1
533		1
534		1
535		1
536		1
537		1
538		1
539		1
540		1
541		1
542		1
543		1
544		1
545		1
546		1
547		1
548		1
549		1
550		1
551		1
552		1
553		1
554		1
555		1
556		1
557		1
558		1
559		1
560		1
561		1
562		1
563		1
564		1
565		1
566		1
567		1
568		1
569		1
570		1
571		1
572		1
573		1
574		1
575		1
576		1
577		1
578		1
579		1
580		1
581		1
582		1
583		1
584		1
585		1
586		1
587		1
588		1
589		1
590		1
591		1
592		1
593		1
594		1
595		1
596		1
597		1
598		1
599		1
600		1
