# Calibration file of tamex_id 1 @ channel 8
# fine_T bin		 Calibration value
1		0
2		0
3		0
4		0
5		0
6		0
7		0
8		0
9		0
10		0
11		0
12		0
13		0
14		0
15		0
16		0
17		0.00290349
18		0.00749961
19		0.00886673
20		0.0109369
21		0.0149992
22		0.0188141
23		0.019387
24		0.020689
25		0.0248164
26		0.0253633
27		0.0255195
28		0.0298422
29		0.0311572
30		0.0333056
31		0.0345164
32		0.0358184
33		0.0382142
34		0.0411307
35		0.0423285
36		0.0440472
37		0.0472501
38		0.0475887
39		0.0486042
40		0.0522238
41		0.0538383
42		0.0567549
43		0.0574189
44		0.0583173
45		0.0618327
46		0.0631347
47		0.0680564
48		0.068473
49		0.0686943
50		0.0705823
51		0.0747097
52		0.076871
53		0.0797354
54		0.080074
55		0.0821181
56		0.0844357
57		0.0862976
58		0.0881725
59		0.0903599
60		0.0919874
61		0.0931201
62		0.0941618
63		0.0956721
64		0.100242
65		0.101167
66		0.103081
67		0.104552
68		0.106114
69		0.108992
70		0.112351
71		0.112676
72		0.114369
73		0.11959
74		0.120528
75		0.121205
76		0.123874
77		0.125827
78		0.12804
79		0.130866
80		0.132272
81		0.136074
82		0.137102
83		0.138118
84		0.140722
85		0.141972
86		0.145071
87		0.146945
88		0.147427
89		0.14869
90		0.150305
91		0.152466
92		0.155304
93		0.158078
94		0.159002
95		0.160512
96		0.161658
97		0.162739
98		0.167439
99		0.169093
100		0.170564
101		0.172413
102		0.173233
103		0.178259
104		0.178884
105		0.180043
106		0.183415
107		0.184834
108		0.186371
109		0.188024
110		0.190198
111		0.193831
112		0.195758
113		0.196878
114		0.199091
115		0.203505
116		0.204677
117		0.205432
118		0.207515
119		0.209755
120		0.211916
121		0.213726
122		0.215952
123		0.218921
124		0.220444
125		0.221759
126		0.222905
127		0.227462
128		0.227996
129		0.230938
130		0.231694
131		0.23474
132		0.237774
133		0.237852
134		0.238581
135		0.241875
136		0.242526
137		0.246537
138		0.249037
139		0.250104
140		0.250755
141		0.253281
142		0.255325
143		0.258112
144		0.259648
145		0.260833
146		0.263866
147		0.264491
148		0.26539
149		0.270311
150		0.270728
151		0.274595
152		0.275298
153		0.277954
154		0.281287
155		0.282355
156		0.284399
157		0.285779
158		0.2888
159		0.292133
160		0.293136
161		0.294203
162		0.294529
163		0.298461
164		0.301391
165		0.301976
166		0.303929
167		0.306429
168		0.307666
169		0.309072
170		0.312393
171		0.315491
172		0.316507
173		0.316911
174		0.319033
175		0.322314
176		0.3254
177		0.326051
178		0.32704
179		0.330699
180		0.332704
181		0.334227
182		0.336415
183		0.337808
184		0.341714
185		0.342638
186		0.34437
187		0.345125
188		0.347261
189		0.349227
190		0.351948
191		0.35256
192		0.35338
193		0.357599
194		0.359968
195		0.360515
196		0.363301
197		0.366166
198		0.367246
199		0.368835
200		0.370983
201		0.374499
202		0.376999
203		0.377884
204		0.380032
205		0.382571
206		0.385722
207		0.387506
208		0.390188
209		0.392831
210		0.394237
211		0.396529
212		0.397219
213		0.400825
214		0.403091
215		0.405252
216		0.406359
217		0.41007
218		0.410187
219		0.412583
220		0.413064
221		0.41783
222		0.419861
223		0.420017
224		0.420564
225		0.422934
226		0.425225
227		0.428311
228		0.429717
229		0.431592
230		0.432074
231		0.43499
232		0.43736
233		0.438688
234		0.441605
235		0.442204
236		0.444938
237		0.445875
238		0.448115
239		0.452307
240		0.45314
241		0.455002
242		0.455888
243		0.459091
244		0.461135
245		0.462827
246		0.463882
247		0.468192
248		0.46866
249		0.471408
250		0.47241
251		0.4759
252		0.47672
253		0.480613
254		0.482748
255		0.484779
256		0.486303
257		0.489128
258		0.491433
259		0.492448
260		0.494141
261		0.497995
262		0.49974
263		0.501471
264		0.502734
265		0.506093
266		0.509674
267		0.510195
268		0.512434
269		0.514557
270		0.514921
271		0.516796
272		0.519009
273		0.520884
274		0.524139
275		0.526053
276		0.527212
277		0.528124
278		0.53186
279		0.533253
280		0.534595
281		0.535376
282		0.536717
283		0.540402
284		0.542784
285		0.544659
286		0.548552
287		0.550128
288		0.550479
289		0.553877
290		0.558487
291		0.55889
292		0.560791
293		0.561325
294		0.562484
295		0.563005
296		0.566637
297		0.568187
298		0.568707
299		0.5704
300		0.5726
301		0.574137
302		0.574501
303		0.575009
304		0.578603
305		0.582652
306		0.583095
307		0.584957
308		0.587404
309		0.588967
310		0.591922
311		0.593719
312		0.595125
313		0.598953
314		0.599643
315		0.601102
316		0.601948
317		0.605841
318		0.607351
319		0.610385
320		0.612794
321		0.613523
322		0.615632
323		0.616674
324		0.620502
325		0.62166
326		0.623301
327		0.626361
328		0.62748
329		0.628105
330		0.629603
331		0.632207
332		0.636048
333		0.637857
334		0.63873
335		0.639889
336		0.64218
337		0.644459
338		0.647727
339		0.649458
340		0.649784
341		0.65093
342		0.653846
343		0.657987
344		0.660031
345		0.660174
346		0.665187
347		0.666215
348		0.670356
349		0.6724
350		0.673897
351		0.67654
352		0.677725
353		0.680668
354		0.682386
355		0.682959
356		0.683727
357		0.685316
358		0.688649
359		0.689573
360		0.691995
361		0.692321
362		0.694209
363		0.694456
364		0.697737
365		0.698805
366		0.70137
367		0.702919
368		0.704495
369		0.706695
370		0.707971
371		0.711994
372		0.712827
373		0.714494
374		0.71659
375		0.720015
376		0.721434
377		0.72465
378		0.725392
379		0.726525
380		0.727605
381		0.732371
382		0.733503
383		0.736954
384		0.738464
385		0.739896
386		0.741862
387		0.743881
388		0.746198
389		0.749115
390		0.750404
391		0.751992
392		0.753489
393		0.756028
394		0.758919
395		0.760078
396		0.761926
397		0.763736
398		0.765116
399		0.767642
400		0.770715
401		0.772447
402		0.772968
403		0.774647
404		0.776913
405		0.779907
406		0.781743
407		0.782524
408		0.784321
409		0.786873
410		0.790753
411		0.791743
412		0.791912
413		0.7935
414		0.796755
415		0.799464
416		0.802328
417		0.802953
418		0.803903
419		0.806234
420		0.808356
421		0.809945
422		0.811299
423		0.81514
424		0.816129
425		0.817809
426		0.820074
427		0.82402
428		0.826311
429		0.8276
430		0.828069
431		0.832053
432		0.83316
433		0.8348
434		0.837886
435		0.83855
436		0.842534
437		0.843107
438		0.84437
439		0.847859
440		0.848315
441		0.849708
442		0.85338
443		0.854474
444		0.8567
445		0.859083
446		0.859747
447		0.861218
448		0.86446
449		0.865918
450		0.867507
451		0.869147
452		0.870541
453		0.875189
454		0.875957
455		0.87653
456		0.878496
457		0.881556
458		0.882506
459		0.885227
460		0.886087
461		0.889993
462		0.891425
463		0.892675
464		0.895344
465		0.896998
466		0.899263
467		0.902427
468		0.903703
469		0.904523
470		0.907192
471		0.908481
472		0.911489
473		0.913103
474		0.91421
475		0.919496
476		0.920004
477		0.920421
478		0.923103
479		0.92546
480		0.927764
481		0.931032
482		0.932295
483		0.935837
484		0.936618
485		0.937035
486		0.939756
487		0.943414
488		0.944222
489		0.946565
490		0.947932
491		0.95068
492		0.951578
493		0.953101
494		0.955875
495		0.959
496		0.959651
497		0.961721
498		0.963674
499		0.964286
500		0.968465
501		0.969129
502		0.969976
503		0.973009
504		0.975952
505		0.977488
506		0.978465
507		0.98129
508		0.984141
509		0.985027
510		0.98586
511		0.98698
512		0.989284
513		0.989519
514		0.990443
515		0.991446
516		0.991836
517		0.994037
518		0.994636
519		0.995365
520		0.997591
521		0.998203
522		0.998763
523		0.999154
524		0.999701
525		0.999727
526		1
527		1
528		1
529		1
530		1
531		1
532		1
533		1
534		1
535		1
536		1
537		1
538		1
539		1
540		1
541		1
542		1
543		1
544		1
545		1
546		1
547		1
548		1
549		1
550		1
551		1
552		1
553		1
554		1
555		1
556		1
557		1
558		1
559		1
560		1
561		1
562		1
563		1
564		1
565		1
566		1
567		1
568		1
569		1
570		1
571		1
572		1
573		1
574		1
575		1
576		1
577		1
578		1
579		1
580		1
581		1
582		1
583		1
584		1
585		1
586		1
587		1
588		1
589		1
590		1
591		1
592		1
593		1
594		1
595		1
596		1
597		1
598		1
599		1
600		1
