# Calibration file of tamex_id 0 @ channel 9
# fine_T bin		 Calibration value
1		0
2		0
3		0
4		0
5		0
6		0
7		0
8		0
9		0
10		0
11		0
12		0
13		0
14		0
15		0
16		0
17		0.00172378
18		0.00660646
19		0.00878387
20		0.0115964
21		0.0133201
22		0.0166275
23		0.0181698
24		0.0201988
25		0.022937
26		0.0238113
27		0.0246856
28		0.0272589
29		0.0295022
30		0.0317456
31		0.0336509
32		0.0344427
33		0.0357211
34		0.0384263
35		0.0410326
36		0.0430286
37		0.0452307
38		0.046204
39		0.0477298
40		0.0503938
41		0.0515403
42		0.0544765
43		0.0552518
44		0.057256
45		0.058922
46		0.0604149
47		0.0665265
48		0.0667079
49		0.0672193
50		0.0677224
51		0.0714504
52		0.0727865
53		0.076597
54		0.0780073
55		0.0785022
56		0.0811745
57		0.0815951
58		0.0830385
59		0.0880696
60		0.0896532
61		0.0918058
62		0.0928781
63		0.0947503
64		0.0970102
65		0.0988824
66		0.100812
67		0.103402
68		0.104103
69		0.106726
70		0.109126
71		0.11057
72		0.11217
73		0.113852
74		0.117184
75		0.117984
76		0.120854
77		0.122949
78		0.124137
79		0.125613
80		0.128145
81		0.130166
82		0.132187
83		0.133713
84		0.135453
85		0.138274
86		0.142175
87		0.142414
88		0.143824
89		0.146406
90		0.147808
91		0.149301
92		0.152023
93		0.155058
94		0.156872
95		0.158167
96		0.160221
97		0.161508
98		0.16592
99		0.166762
100		0.168757
101		0.169492
102		0.171826
103		0.174259
104		0.176601
105		0.17769
106		0.1791
107		0.182449
108		0.185088
109		0.185204
110		0.187802
111		0.189245
112		0.193567
113		0.194878
114		0.195719
115		0.19859
116		0.199332
117		0.201542
118		0.20527
119		0.207621
120		0.209172
121		0.209963
122		0.211728
123		0.215267
124		0.216372
125		0.221106
126		0.221279
127		0.224521
128		0.225279
129		0.227762
130		0.230195
131		0.232678
132		0.234797
133		0.235581
134		0.236158
135		0.238756
136		0.240604
137		0.242913
138		0.245726
139		0.246501
140		0.247169
141		0.250196
142		0.253182
143		0.256101
144		0.256885
145		0.259153
146		0.260943
147		0.26171
148		0.264382
149		0.267285
150		0.268638
151		0.270774
152		0.271112
153		0.27362
154		0.277298
155		0.277851
156		0.279781
157		0.282948
158		0.284078
159		0.287162
160		0.288375
161		0.290272
162		0.292128
163		0.297406
164		0.298536
165		0.299872
166		0.301794
167		0.303303
168		0.306875
169		0.308268
170		0.310734
171		0.3116
172		0.312277
173		0.314223
174		0.316467
175		0.318817
176		0.321968
177		0.322727
178		0.324558
179		0.327213
180		0.328261
181		0.330381
182		0.332863
183		0.336063
184		0.336773
185		0.33834
186		0.339742
187		0.342464
188		0.345408
189		0.347355
190		0.348963
191		0.350852
192		0.352485
193		0.3566
194		0.357829
195		0.358868
196		0.361945
197		0.364089
198		0.364477
199		0.36639
200		0.368452
201		0.370555
202		0.372494
203		0.373665
204		0.376915
205		0.380403
206		0.381781
207		0.3839
208		0.385294
209		0.390441
210		0.390754
211		0.39129
212		0.392181
213		0.395761
214		0.397922
215		0.399984
216		0.401402
217		0.4032
218		0.405856
219		0.406351
220		0.410821
221		0.412413
222		0.414731
223		0.416454
224		0.417518
225		0.418788
226		0.421353
227		0.425593
228		0.426541
229		0.42763
230		0.429873
231		0.431366
232		0.435721
233		0.436991
234		0.43794
235		0.440934
236		0.442031
237		0.445
238		0.447078
239		0.449577
240		0.449891
241		0.453198
242		0.455598
243		0.459384
244		0.460398
245		0.461512
246		0.46364
247		0.464943
248		0.467937
249		0.469529
250		0.471211
251		0.472811
252		0.475508
253		0.476943
254		0.478923
255		0.482915
256		0.484317
257		0.485933
258		0.48807
259		0.490544
260		0.493439
261		0.495311
262		0.496631
263		0.498437
264		0.50007
265		0.502883
266		0.505662
267		0.507303
268		0.508656
269		0.511295
270		0.511518
271		0.514867
272		0.515815
273		0.518908
274		0.521003
275		0.522042
276		0.523989
277		0.527609
278		0.528838
279		0.52963
280		0.532179
281		0.534892
282		0.536723
283		0.538472
284		0.540699
285		0.546381
286		0.548303
287		0.549631
288		0.54992
289		0.554456
290		0.557095
291		0.557672
292		0.560815
293		0.561582
294		0.561656
295		0.562679
296		0.563768
297		0.568263
298		0.570135
299		0.571504
300		0.572725
301		0.57416
302		0.575331
303		0.576395
304		0.580618
305		0.582861
306		0.583645
307		0.586523
308		0.587645
309		0.591892
310		0.592791
311		0.594886
312		0.596206
313		0.598062
314		0.600602
315		0.602804
316		0.603786
317		0.607299
318		0.608454
319		0.609444
320		0.613856
321		0.615225
322		0.616726
323		0.619275
324		0.620191
325		0.623176
326		0.625255
327		0.62617
328		0.627432
329		0.629989
330		0.633758
331		0.635498
332		0.636604
333		0.63888
334		0.640868
335		0.642212
336		0.6442
337		0.645189
338		0.648365
339		0.650468
340		0.652208
341		0.652423
342		0.654114
343		0.658246
344		0.660167
345		0.661182
346		0.665834
347		0.668028
348		0.670815
349		0.672811
350		0.675104
351		0.678106
352		0.679987
353		0.681735
354		0.68355
355		0.685315
356		0.686065
357		0.686065
358		0.68896
359		0.690173
360		0.692029
361		0.692235
362		0.695493
363		0.696623
364		0.699394
365		0.70134
366		0.702817
367		0.704408
368		0.706924
369		0.70859
370		0.711031
371		0.71358
372		0.715213
373		0.717514
374		0.71819
375		0.721374
376		0.723312
377		0.725333
378		0.726496
379		0.7277
380		0.731106
381		0.732979
382		0.73622
383		0.737573
384		0.738381
385		0.743
386		0.744138
387		0.74502
388		0.747148
389		0.74855
390		0.75312
391		0.75453
392		0.754967
393		0.757161
394		0.758819
395		0.76131
396		0.764345
397		0.766209
398		0.767817
399		0.770621
400		0.772329
401		0.773879
402		0.775677
403		0.778061
404		0.779785
405		0.781649
406		0.783867
407		0.785814
408		0.786845
409		0.790812
410		0.792354
411		0.794152
412		0.795233
413		0.795554
414		0.79972
415		0.802243
416		0.804536
417		0.804866
418		0.80565
419		0.809007
420		0.813279
421		0.813947
422		0.81563
423		0.817048
424		0.820075
425		0.820586
426		0.824438
427		0.826451
428		0.827226
429		0.830294
430		0.830607
431		0.833758
432		0.835738
433		0.838468
434		0.840925
435		0.842278
436		0.84547
437		0.848423
438		0.849866
439		0.851796
440		0.851953
441		0.85479
442		0.858666
443		0.85945
444		0.860695
445		0.863871
446		0.865982
447		0.867615
448		0.869512
449		0.871079
450		0.873125
451		0.875904
452		0.876449
453		0.877974
454		0.882082
455		0.884523
456		0.88468
457		0.886123
458		0.887146
459		0.890907
460		0.89268
461		0.894759
462		0.895526
463		0.899715
464		0.900351
465		0.902643
466		0.90586
467		0.90845
468		0.908722
469		0.910099
470		0.912483
471		0.91424
472		0.916714
473		0.919914
474		0.921259
475		0.923914
476		0.925094
477		0.92836
478		0.931164
479		0.932269
480		0.933449
481		0.936715
482		0.937721
483		0.940303
484		0.941969
485		0.945293
486		0.94639
487		0.94912
488		0.951173
489		0.952278
490		0.954794
491		0.956089
492		0.959025
493		0.96145
494		0.962638
495		0.964947
496		0.965326
497		0.966819
498		0.972106
499		0.972716
500		0.974696
501		0.975859
502		0.978259
503		0.979051
504		0.982243
505		0.984016
506		0.985352
507		0.986061
508		0.986416
509		0.98654
510		0.987991
511		0.989641
512		0.990309
513		0.991967
514		0.992107
515		0.992321
516		0.993344
517		0.99628
518		0.996717
519		0.996858
520		0.998425
521		0.999728
522		0.999992
523		1
524		1
525		1
526		1
527		1
528		1
529		1
530		1
531		1
532		1
533		1
534		1
535		1
536		1
537		1
538		1
539		1
540		1
541		1
542		1
543		1
544		1
545		1
546		1
547		1
548		1
549		1
550		1
551		1
552		1
553		1
554		1
555		1
556		1
557		1
558		1
559		1
560		1
561		1
562		1
563		1
564		1
565		1
566		1
567		1
568		1
569		1
570		1
571		1
572		1
573		1
574		1
575		1
576		1
577		1
578		1
579		1
580		1
581		1
582		1
583		1
584		1
585		1
586		1
587		1
588		1
589		1
590		1
591		1
592		1
593		1
594		1
595		1
596		1
597		1
598		1
599		1
600		1
