# Calibration file of tamex_id 1 @ channel 5
# fine_T bin		 Calibration value
1		0
2		0
3		0
4		0
5		0
6		0
7		0
8		0
9		0
10		0
11		0
12		0
13		0
14		0
15		0
16		0
17		0.00251869
18		0.00877478
19		0.00971494
20		0.0112703
21		0.0155532
22		0.0189192
23		0.0199174
24		0.0206718
25		0.0225289
26		0.0252913
27		0.0264636
28		0.0276359
29		0.0301314
30		0.0318376
31		0.0341125
32		0.0352152
33		0.0371651
34		0.0375598
35		0.0420864
36		0.045673
37		0.0465667
38		0.047797
39		0.0515925
40		0.0523933
41		0.0545174
42		0.0559218
43		0.0581271
44		0.059903
45		0.0620038
46		0.0630368
47		0.0669483
48		0.0680742
49		0.0697108
50		0.0716259
51		0.0733669
52		0.0742723
53		0.077882
54		0.0801801
55		0.0808417
56		0.0823622
57		0.0836274
58		0.0855889
59		0.0900111
60		0.0931218
61		0.0942593
62		0.0948048
63		0.0967083
64		0.101397
65		0.10358
66		0.104067
67		0.106388
68		0.106818
69		0.110637
70		0.112111
71		0.113387
72		0.114502
73		0.11767
74		0.120061
75		0.122452
76		0.123961
77		0.125818
78		0.126933
79		0.127629
80		0.132643
81		0.133676
82		0.135997
83		0.137031
84		0.138841
85		0.140675
86		0.143879
87		0.145991
88		0.147697
89		0.148684
90		0.150819
91		0.151493
92		0.155195
93		0.157261
94		0.159745
95		0.160964
96		0.164074
97		0.165282
98		0.1678
99		0.171491
100		0.172814
101		0.173859
102		0.175287
103		0.178746
104		0.180324
105		0.183086
106		0.184665
107		0.186603
108		0.188472
109		0.190596
110		0.191884
111		0.194647
112		0.197827
113		0.19886
114		0.199208
115		0.203073
116		0.204733
117		0.205639
118		0.209794
119		0.210873
120		0.213102
121		0.215075
122		0.215249
123		0.216619
124		0.221505
125		0.223362
126		0.224743
127		0.226577
128		0.227808
129		0.23151
130		0.233425
131		0.235248
132		0.236791
133		0.239983
134		0.240819
135		0.243094
136		0.244835
137		0.248955
138		0.250406
139		0.250836
140		0.252008
141		0.255571
142		0.259622
143		0.260945
144		0.261235
145		0.263
146		0.264253
147		0.267817
148		0.269604
149		0.272111
150		0.274247
151		0.27593
152		0.277427
153		0.27875
154		0.281571
155		0.284948
156		0.287026
157		0.287154
158		0.287838
159		0.2911
160		0.294071
161		0.296393
162		0.297043
163		0.299921
164		0.302417
165		0.303159
166		0.305446
167		0.307686
168		0.309764
169		0.311574
170		0.314395
171		0.316287
172		0.319571
173		0.319955
174		0.32151
175		0.324945
176		0.327778
177		0.32859
178		0.329948
179		0.331608
180		0.33372
181		0.335229
182		0.337899
183		0.339303
184		0.340568
185		0.343934
186		0.345548
187		0.34708
188		0.349366
189		0.352581
190		0.353417
191		0.354868
192		0.356365
193		0.359963
194		0.36189
195		0.363202
196		0.363654
197		0.36702
198		0.369725
199		0.371129
200		0.37287
201		0.374425
202		0.378674
203		0.379091
204		0.380449
205		0.385243
206		0.385847
207		0.386241
208		0.39035
209		0.391917
210		0.394157
211		0.39584
212		0.397836
213		0.400065
214		0.403083
215		0.406066
216		0.406588
217		0.409734
218		0.410685
219		0.413877
220		0.415897
221		0.419147
222		0.420191
223		0.422722
224		0.423685
225		0.425472
226		0.428943
227		0.432216
228		0.43347
229		0.434363
230		0.434967
231		0.439853
232		0.441351
233		0.443556
234		0.444972
235		0.446237
236		0.447734
237		0.450845
238		0.451715
239		0.455987
240		0.457972
241		0.459283
242		0.459747
243		0.462603
244		0.466305
245		0.468081
246		0.469555
247		0.469799
248		0.472399
249		0.474569
250		0.476891
251		0.478968
252		0.47956
253		0.483263
254		0.485433
255		0.487105
256		0.48895
257		0.491005
258		0.491968
259		0.494997
260		0.49682
261		0.499884
262		0.501137
263		0.502739
264		0.504341
265		0.506953
266		0.510052
267		0.512698
268		0.513557
269		0.51387
270		0.516807
271		0.520324
272		0.52232
273		0.523353
274		0.524908
275		0.527485
276		0.531257
277		0.532395
278		0.534298
279		0.53597
280		0.5385
281		0.539742
282		0.541367
283		0.545928
284		0.548076
285		0.550594
286		0.553891
287		0.556978
288		0.5588
289		0.560379
290		0.56501
291		0.565289
292		0.566461
293		0.567099
294		0.568469
295		0.572137
296		0.577336
297		0.578149
298		0.580563
299		0.583302
300		0.587098
301		0.588433
302		0.591485
303		0.59354
304		0.595629
305		0.598925
306		0.599842
307		0.600631
308		0.602419
309		0.606377
310		0.607561
311		0.609046
312		0.61124
313		0.614293
314		0.61586
315		0.616997
316		0.619365
317		0.622986
318		0.623601
319		0.626875
320		0.627989
321		0.630832
322		0.633258
323		0.634698
324		0.634999
325		0.638412
326		0.641255
327		0.642904
328		0.643704
329		0.647395
330		0.649345
331		0.651713
332		0.653918
333		0.654754
334		0.656414
335		0.657331
336		0.660813
337		0.662299
338		0.663343
339		0.666082
340		0.667348
341		0.670679
342		0.671921
343		0.676436
344		0.677817
345		0.679512
346		0.680521
347		0.682228
348		0.686685
349		0.688611
350		0.689482
351		0.690492
352		0.692558
353		0.695471
354		0.697363
355		0.699406
356		0.701797
357		0.706834
358		0.71143
359		0.712684
360		0.71309
361		0.71872
362		0.720867
363		0.721993
364		0.724535
365		0.726206
366		0.72703
367		0.729526
368		0.732404
369		0.733414
370		0.736989
371		0.73938
372		0.739972
373		0.743175
374		0.744313
375		0.746959
376		0.748735
377		0.750905
378		0.751822
379		0.755444
380		0.756337
381		0.757556
382		0.759042
383		0.763301
384		0.764253
385		0.765588
386		0.767619
387		0.769511
388		0.771716
389		0.774757
390		0.776266
391		0.777439
392		0.778356
393		0.782522
394		0.78308
395		0.786956
396		0.78792
397		0.789962
398		0.791123
399		0.793526
400		0.796172
401		0.798934
402		0.799283
403		0.800234
404		0.803159
405		0.806131
406		0.80909
407		0.810367
408		0.810646
409		0.814813
410		0.816693
411		0.817819
412		0.819966
413		0.821243
414		0.824203
415		0.825862
416		0.828927
417		0.831608
418		0.832757
419		0.834231
420		0.834823
421		0.837945
422		0.841915
423		0.842716
424		0.844248
425		0.845223
426		0.845699
427		0.848194
428		0.850434
429		0.854299
430		0.856748
431		0.857201
432		0.858071
433		0.860462
434		0.864606
435		0.867171
436		0.867868
437		0.868726
438		0.871942
439		0.87417
440		0.876538
441		0.877757
442		0.879834
443		0.881227
444		0.884361
445		0.88522
446		0.887901
447		0.88912
448		0.891604
449		0.894912
450		0.895794
451		0.898765
452		0.899427
453		0.902909
454		0.905335
455		0.906913
456		0.907714
457		0.910221
458		0.91173
459		0.913099
460		0.916419
461		0.919077
462		0.920133
463		0.921584
464		0.923197
465		0.927155
466		0.92878
467		0.93109
468		0.932437
469		0.934955
470		0.937509
471		0.938159
472		0.938994
473		0.943637
474		0.945123
475		0.946759
476		0.948257
477		0.950636
478		0.952621
479		0.955
480		0.956625
481		0.957902
482		0.961709
483		0.96251
484		0.964971
485		0.96641
486		0.968023
487		0.970913
488		0.971308
489		0.97284
490		0.976148
491		0.979177
492		0.980117
493		0.982845
494		0.984145
495		0.985724
496		0.989484
497		0.98967
498		0.990517
499		0.992398
500		0.993895
501		0.994545
502		0.995264
503		0.996379
504		0.996773
505		0.997226
506		0.999211
507		0.99971
508		0.999849
509		0.999942
510		1
511		1
512		1
513		1
514		1
515		1
516		1
517		1
518		1
519		1
520		1
521		1
522		1
523		1
524		1
525		1
526		1
527		1
528		1
529		1
530		1
531		1
532		1
533		1
534		1
535		1
536		1
537		1
538		1
539		1
540		1
541		1
542		1
543		1
544		1
545		1
546		1
547		1
548		1
549		1
550		1
551		1
552		1
553		1
554		1
555		1
556		1
557		1
558		1
559		1
560		1
561		1
562		1
563		1
564		1
565		1
566		1
567		1
568		1
569		1
570		1
571		1
572		1
573		1
574		1
575		1
576		1
577		1
578		1
579		1
580		1
581		1
582		1
583		1
584		1
585		1
586		1
587		1
588		1
589		1
590		1
591		1
592		1
593		1
594		1
595		1
596		1
597		1
598		1
599		1
600		1
