# Calibration file of tamex_id 0 @ channel 12
# fine_T bin		 Calibration value
1		0
2		0
3		0
4		0
5		0
6		0
7		0
8		0
9		0
10		0
11		0
12		0
13		0
14		0
15		0
16		0
17		0
18		0.00568132
19		0.00770683
20		0.0108906
21		0.0137998
22		0.0155125
23		0.0187401
24		0.0188609
25		0.0225332
26		0.0252229
27		0.0257608
28		0.0281706
29		0.0296966
30		0.0330065
31		0.033292
32		0.0345051
33		0.0348235
34		0.0391215
35		0.0424919
36		0.0443198
37		0.044693
38		0.0456811
39		0.0505994
40		0.0517741
41		0.0544144
42		0.0557318
43		0.0602165
44		0.0606941
45		0.0610289
46		0.0624396
47		0.0669188
48		0.0689443
49		0.0694877
50		0.0719634
51		0.0744061
52		0.0761297
53		0.0784461
54		0.0801478
55		0.0816189
56		0.0839737
57		0.085851
58		0.0881675
59		0.0901765
60		0.0903522
61		0.0944801
62		0.0964287
63		0.0974717
64		0.100145
65		0.10346
66		0.104405
67		0.10626
68		0.10744
69		0.112353
70		0.1135
71		0.114582
72		0.115081
73		0.11911
74		0.122129
75		0.123963
76		0.124193
77		0.128908
78		0.129529
79		0.130193
80		0.133387
81		0.136181
82		0.137488
83		0.140381
84		0.141402
85		0.145239
86		0.147379
87		0.148329
88		0.149312
89		0.152243
90		0.154631
91		0.158336
92		0.158731
93		0.161163
94		0.162617
95		0.165263
96		0.166295
97		0.169402
98		0.170665
99		0.174886
100		0.176439
101		0.177274
102		0.179843
103		0.183131
104		0.183597
105		0.184421
106		0.186474
107		0.191035
108		0.191793
109		0.194071
110		0.19524
111		0.198089
112		0.200109
113		0.202447
114		0.203512
115		0.206987
116		0.208375
117		0.210516
118		0.212344
119		0.216697
120		0.217087
121		0.218234
122		0.22088
123		0.224662
124		0.225639
125		0.227231
126		0.228521
127		0.231759
128		0.234515
129		0.23648
130		0.237638
131		0.239208
132		0.243166
133		0.246273
134		0.247557
135		0.247744
136		0.249242
137		0.253068
138		0.255583
139		0.257279
140		0.257943
141		0.26133
142		0.262675
143		0.264288
144		0.265403
145		0.268779
146		0.27037
147		0.272264
148		0.273313
149		0.277792
150		0.280169
151		0.281936
152		0.282194
153		0.283089
154		0.287749
155		0.290642
156		0.292519
157		0.293672
158		0.294605
159		0.300956
160		0.301417
161		0.302482
162		0.305798
163		0.308822
164		0.310562
165		0.31211
166		0.313609
167		0.31671
168		0.318088
169		0.319043
170		0.32103
171		0.325109
172		0.326327
173		0.327738
174		0.329165
175		0.333557
176		0.335406
177		0.335736
178		0.337975
179		0.33915
180		0.342883
181		0.343843
182		0.346088
183		0.34958
184		0.351193
185		0.353384
186		0.355327
187		0.356342
188		0.359109
189		0.363357
190		0.36361
191		0.364949
192		0.366777
193		0.369341
194		0.369857
195		0.37349
196		0.375011
197		0.378425
198		0.379474
199		0.380083
200		0.381785
201		0.385984
202		0.388185
203		0.390534
204		0.391638
205		0.395178
206		0.396177
207		0.398313
208		0.400657
209		0.403934
210		0.406107
211		0.407513
212		0.409434
213		0.41231
214		0.413062
215		0.417657
216		0.419056
217		0.420917
218		0.424205
219		0.426456
220		0.427757
221		0.430166
222		0.431445
223		0.433191
224		0.43492
225		0.436671
226		0.439037
227		0.443154
228		0.444438
229		0.444773
230		0.445937
231		0.449884
232		0.452293
233		0.454654
234		0.456762
235		0.458057
236		0.459978
237		0.463217
238		0.464359
239		0.466307
240		0.468058
241		0.471698
242		0.472384
243		0.474832
244		0.477725
245		0.479674
246		0.479959
247		0.482725
248		0.484356
249		0.488187
250		0.49013
251		0.491525
252		0.493276
253		0.497244
254		0.499292
255		0.500521
256		0.501575
257		0.504726
258		0.507037
259		0.508217
260		0.510907
261		0.513086
262		0.51526
263		0.516907
264		0.517626
265		0.521254
266		0.524026
267		0.526677
268		0.527314
269		0.529675
270		0.531574
271		0.53529
272		0.535954
273		0.538435
274		0.539122
275		0.542141
276		0.545445
277		0.546252
278		0.547915
279		0.550709
280		0.552899
281		0.553745
282		0.556314
283		0.558894
284		0.561753
285		0.565014
286		0.568044
287		0.570256
288		0.570514
289		0.574752
290		0.578183
291		0.581141
292		0.58292
293		0.583128
294		0.583128
295		0.583161
296		0.586795
297		0.589326
298		0.590506
299		0.593003
300		0.593338
301		0.594936
302		0.59723
303		0.59768
304		0.599031
305		0.605217
306		0.606397
307		0.60817
308		0.608631
309		0.612655
310		0.61541
311		0.618298
312		0.618995
313		0.620987
314		0.622448
315		0.624325
316		0.628606
317		0.629227
318		0.631521
319		0.635254
320		0.635995
321		0.638284
322		0.639223
323		0.642423
324		0.643521
325		0.645469
326		0.649262
327		0.652023
328		0.653725
329		0.654268
330		0.655355
331		0.659565
332		0.66186
333		0.662376
334		0.664544
335		0.667838
336		0.668694
337		0.670758
338		0.672602
339		0.675512
340		0.678322
341		0.678838
342		0.680375
343		0.683213
344		0.686896
345		0.690497
346		0.691974
347		0.694312
348		0.700498
349		0.703007
350		0.704484
351		0.706108
352		0.708513
353		0.710406
354		0.712783
355		0.713535
356		0.715588
357		0.716121
358		0.716165
359		0.718025
360		0.722455
361		0.723811
362		0.724239
363		0.725655
364		0.728252
365		0.730157
366		0.731408
367		0.733428
368		0.735009
369		0.739373
370		0.741162
371		0.742485
372		0.744352
373		0.746476
374		0.750269
375		0.751224
376		0.753469
377		0.754249
378		0.758162
379		0.761165
380		0.761538
381		0.763218
382		0.764206
383		0.768976
384		0.770799
385		0.771595
386		0.772934
387		0.776765
388		0.778396
389		0.779005
390		0.780542
391		0.784028
392		0.786492
393		0.787744
394		0.789692
395		0.793667
396		0.794786
397		0.796362
398		0.798338
399		0.801148
400		0.803196
401		0.804299
402		0.806209
403		0.808707
404		0.810496
405		0.81368
406		0.814542
407		0.817062
408		0.819301
409		0.822029
410		0.822809
411		0.825663
412		0.827255
413		0.830817
414		0.833342
415		0.834413
416		0.835368
417		0.838508
418		0.840209
419		0.841933
420		0.844573
421		0.847367
422		0.849585
423		0.850057
424		0.851984
425		0.855184
426		0.85778
427		0.858933
428		0.860272
429		0.864779
430		0.866618
431		0.867019
432		0.868177
433		0.873611
434		0.875917
435		0.87618
436		0.87797
437		0.880835
438		0.88274
439		0.884024
440		0.885962
441		0.890732
442		0.891006
443		0.893938
444		0.894267
445		0.897423
446		0.899899
447		0.902539
448		0.904181
449		0.907068
450		0.908072
451		0.909818
452		0.913534
453		0.91444
454		0.917168
455		0.919276
456		0.920264
457		0.92134
458		0.924935
459		0.928141
460		0.930139
461		0.931171
462		0.932373
463		0.936836
464		0.93761
465		0.939608
466		0.94131
467		0.944872
468		0.947386
469		0.948896
470		0.949401
471		0.953056
472		0.955312
473		0.95882
474		0.960264
475		0.96185
476		0.963343
477		0.965231
478		0.968668
479		0.969107
480		0.972087
481		0.975128
482		0.976665
483		0.977511
484		0.981457
485		0.982857
486		0.985882
487		0.987638
488		0.989236
489		0.992211
490		0.993424
491		0.995329
492		0.998337
493		0.999522
494		0.999852
495		1
496		1
497		1
498		1
499		1
500		1
501		1
502		1
503		1
504		1
505		1
506		1
507		1
508		1
509		1
510		1
511		1
512		1
513		1
514		1
515		1
516		1
517		1
518		1
519		1
520		1
521		1
522		1
523		1
524		1
525		1
526		1
527		1
528		1
529		1
530		1
531		1
532		1
533		1
534		1
535		1
536		1
537		1
538		1
539		1
540		1
541		1
542		1
543		1
544		1
545		1
546		1
547		1
548		1
549		1
550		1
551		1
552		1
553		1
554		1
555		1
556		1
557		1
558		1
559		1
560		1
561		1
562		1
563		1
564		1
565		1
566		1
567		1
568		1
569		1
570		1
571		1
572		1
573		1
574		1
575		1
576		1
577		1
578		1
579		1
580		1
581		1
582		1
583		1
584		1
585		1
586		1
587		1
588		1
589		1
590		1
591		1
592		1
593		1
594		1
595		1
596		1
597		1
598		1
599		1
600		1
