# Calibration file of tamex_id 1 @ channel 9
# fine_T bin		 Calibration value
1		0
2		0
3		0
4		0
5		0
6		0
7		0
8		0
9		0
10		0
11		0
12		0
13		0
14		0
15		0
16		0
17		0.00348322
18		0.00763396
19		0.00871412
20		0.0118818
21		0.0155349
22		0.017404
23		0.0189211
24		0.0200498
25		0.0236422
26		0.0250622
27		0.0274653
28		0.0291158
29		0.0298198
30		0.0326233
31		0.0335579
32		0.0341526
33		0.0355361
34		0.0386188
35		0.0406457
36		0.0426604
37		0.045561
38		0.0462285
39		0.0471752
40		0.0510347
41		0.0518357
42		0.0539596
43		0.0556951
44		0.0565083
45		0.0576977
46		0.061897
47		0.0658414
48		0.0663633
49		0.0672128
50		0.0680624
51		0.0730748
52		0.0733782
53		0.076024
54		0.0770799
55		0.0799199
56		0.0813156
57		0.0829055
58		0.0842284
59		0.087833
60		0.0886097
61		0.0894593
62		0.0915711
63		0.0945203
64		0.0973117
65		0.0990109
66		0.100334
67		0.10088
68		0.103332
69		0.104654
70		0.108004
71		0.110189
72		0.11122
73		0.114315
74		0.115942
75		0.118964
76		0.119413
77		0.121973
78		0.12434
79		0.126573
80		0.127811
81		0.129959
82		0.131088
83		0.132909
84		0.133443
85		0.137715
86		0.138443
87		0.14013
88		0.140712
89		0.144608
90		0.146623
91		0.148019
92		0.149147
93		0.152449
94		0.153589
95		0.154864
96		0.156502
97		0.159573
98		0.163092
99		0.163954
100		0.165119
101		0.165495
102		0.170035
103		0.173105
104		0.174914
105		0.175399
106		0.176467
107		0.179695
108		0.180751
109		0.183336
110		0.184756
111		0.188264
112		0.188919
113		0.189295
114		0.190934
115		0.19591
116		0.196747
117		0.197694
118		0.199199
119		0.204345
120		0.205243
121		0.206335
122		0.20818
123		0.210438
124		0.212659
125		0.214576
126		0.21494
127		0.219067
128		0.219224
129		0.21988
130		0.223873
131		0.225402
132		0.227611
133		0.229407
134		0.230669
135		0.232344
136		0.234954
137		0.236009
138		0.237175
139		0.239784
140		0.241301
141		0.243801
142		0.246119
143		0.247394
144		0.250768
145		0.253244
146		0.253705
147		0.254785
148		0.25703
149		0.261946
150		0.262989
151		0.263256
152		0.26487
153		0.268196
154		0.270211
155		0.272504
156		0.274009
157		0.275575
158		0.277347
159		0.279192
160		0.280952
161		0.285151
162		0.286122
163		0.288124
164		0.28827
165		0.290879
166		0.293513
167		0.296705
168		0.298173
169		0.298659
170		0.300601
171		0.303805
172		0.305832
173		0.307871
174		0.308429
175		0.312822
176		0.313684
177		0.314873
178		0.317131
179		0.3194
180		0.320869
181		0.323503
182		0.323673
183		0.32735
184		0.32945
185		0.329535
186		0.331246
187		0.335117
188		0.336938
189		0.337775
190		0.338843
191		0.342314
192		0.343892
193		0.345227
194		0.34774
195		0.349451
196		0.350968
197		0.352667
198		0.355276
199		0.356757
200		0.358917
201		0.361236
202		0.36319
203		0.36467
204		0.366296
205		0.370095
206		0.373081
207		0.373809
208		0.37478
209		0.37796
210		0.379877
211		0.381067
212		0.384659
213		0.387718
214		0.38813
215		0.388652
216		0.390048
217		0.393725
218		0.396529
219		0.397415
220		0.398641
221		0.401104
222		0.401444
223		0.404005
224		0.406918
225		0.408593
226		0.411069
227		0.411809
228		0.412792
229		0.416506
230		0.418241
231		0.418909
232		0.42204
233		0.422465
234		0.425293
235		0.426834
236		0.428788
237		0.430754
238		0.431592
239		0.434238
240		0.436762
241		0.438777
242		0.440621
243		0.442078
244		0.442818
245		0.44459
246		0.447612
247		0.448874
248		0.449991
249		0.451447
250		0.452807
251		0.458547
252		0.459494
253		0.459809
254		0.460489
255		0.46487
256		0.467977
257		0.469045
258		0.471594
259		0.473305
260		0.475599
261		0.476291
262		0.478658
263		0.482493
264		0.484192
265		0.48685
266		0.487639
267		0.488452
268		0.491668
269		0.492809
270		0.493671
271		0.496923
272		0.497554
273		0.501256
274		0.501948
275		0.504011
276		0.504557
277		0.507907
278		0.510164
279		0.510941
280		0.512859
281		0.515395
282		0.515869
283		0.518211
284		0.520954
285		0.525226
286		0.526051
287		0.526792
288		0.533006
289		0.535239
290		0.535809
291		0.536088
292		0.540882
293		0.54229
294		0.543358
295		0.544378
296		0.544378
297		0.545919
298		0.548298
299		0.549002
300		0.55115
301		0.553031
302		0.553104
303		0.555823
304		0.556259
305		0.559245
306		0.561041
307		0.562668
308		0.565847
309		0.5666
310		0.570144
311		0.57126
312		0.573761
313		0.574647
314		0.577001
315		0.57745
316		0.580096
317		0.584696
318		0.584999
319		0.585436
320		0.586468
321		0.59057
322		0.591735
323		0.595255
324		0.596893
325		0.598204
326		0.598859
327		0.600206
328		0.602937
329		0.607634
330		0.607925
331		0.60926
332		0.610195
333		0.612319
334		0.614418
335		0.617392
336		0.617829
337		0.620632
338		0.621967
339		0.622768
340		0.625778
341		0.629492
342		0.629978
343		0.634929
344		0.637879
345		0.639238
346		0.642503
347		0.646119
348		0.646763
349		0.647758
350		0.651496
351		0.654409
352		0.656205
353		0.656205
354		0.656533
355		0.657516
356		0.659239
357		0.66248
358		0.662844
359		0.663487
360		0.664822
361		0.667383
362		0.668281
363		0.67032
364		0.671388
365		0.672662
366		0.67498
367		0.67776
368		0.681473
369		0.683015
370		0.684192
371		0.684775
372		0.687408
373		0.688452
374		0.691984
375		0.693683
376		0.695443
377		0.69696
378		0.698622
379		0.70054
380		0.704242
381		0.706317
382		0.706463
383		0.708817
384		0.710274
385		0.712871
386		0.717216
387		0.718612
388		0.719279
389		0.720044
390		0.722483
391		0.724
392		0.729377
393		0.730238
394		0.731367
395		0.732775
396		0.734389
397		0.736889
398		0.739741
399		0.740688
400		0.742958
401		0.744111
402		0.746514
403		0.747776
404		0.749062
405		0.752958
406		0.755628
407		0.756478
408		0.757946
409		0.763457
410		0.763711
411		0.764889
412		0.766321
413		0.768942
414		0.772765
415		0.773506
416		0.77444
417		0.777207
418		0.779477
419		0.781467
420		0.78347
421		0.784526
422		0.78614
423		0.788919
424		0.790327
425		0.792087
426		0.79489
427		0.795218
428		0.796019
429		0.79915
430		0.799939
431		0.804721
432		0.805886
433		0.806299
434		0.808289
435		0.811324
436		0.813253
437		0.814989
438		0.817028
439		0.818035
440		0.820487
441		0.821445
442		0.823812
443		0.828121
444		0.829662
445		0.830876
446		0.831592
447		0.833764
448		0.836604
449		0.839129
450		0.840184
451		0.841447
452		0.843886
453		0.845901
454		0.847297
455		0.849857
456		0.851023
457		0.855137
458		0.856326
459		0.857103
460		0.860064
461		0.862067
462		0.865028
463		0.865854
464		0.868232
465		0.870259
466		0.870817
467		0.87197
468		0.875405
469		0.877505
470		0.880418
471		0.880563
472		0.882262
473		0.884495
474		0.887821
475		0.889666
476		0.890697
477		0.893804
478		0.896122
479		0.896389
480		0.897506
481		0.902191
482		0.905358
483		0.906426
484		0.906985
485		0.908817
486		0.910529
487		0.913526
488		0.916196
489		0.917592
490		0.920553
491		0.921986
492		0.92258
493		0.92684
494		0.927933
495		0.929862
496		0.932484
497		0.933503
498		0.935409
499		0.939292
500		0.940992
501		0.941392
502		0.944244
503		0.945919
504		0.946368
505		0.949851
506		0.952048
507		0.954051
508		0.956247
509		0.957243
510		0.957825
511		0.962425
512		0.962838
513		0.965459
514		0.967632
515		0.970035
516		0.972231
517		0.973372
518		0.973967
519		0.977402
520		0.979004
521		0.982814
522		0.983943
523		0.985812
524		0.987985
525		0.989866
526		0.991043
527		0.993386
528		0.995424
529		0.995655
530		0.996505
531		0.997002
532		0.997136
533		1
534		1
535		1
536		1
537		1
538		1
539		1
540		1
541		1
542		1
543		1
544		1
545		1
546		1
547		1
548		1
549		1
550		1
551		1
552		1
553		1
554		1
555		1
556		1
557		1
558		1
559		1
560		1
561		1
562		1
563		1
564		1
565		1
566		1
567		1
568		1
569		1
570		1
571		1
572		1
573		1
574		1
575		1
576		1
577		1
578		1
579		1
580		1
581		1
582		1
583		1
584		1
585		1
586		1
587		1
588		1
589		1
590		1
591		1
592		1
593		1
594		1
595		1
596		1
597		1
598		1
599		1
600		1
