# Calibration file of tamex_id 2 @ channel 7
# fine_T bin		 Calibration value
1		0
2		0
3		0
4		0
5		0
6		0
7		0
8		0
9		0
10		0
11		0
12		0
13		0
14		0
15		0
16		0
17		0.00403789
18		0.00799482
19		0.00963426
20		0.0103325
21		0.0159492
22		0.0185905
23		0.0196834
24		0.0212419
25		0.0221426
26		0.0257757
27		0.0271723
28		0.0286194
29		0.0305827
30		0.0324144
31		0.034489
32		0.0355921
33		0.0381019
34		0.0395997
35		0.0424839
36		0.0441739
37		0.0451758
38		0.0471188
39		0.0501042
40		0.0514704
41		0.0538588
42		0.0545166
43		0.0586253
44		0.0591617
45		0.0603963
46		0.0613071
47		0.0659218
48		0.0671059
49		0.0684721
50		0.070577
51		0.0736535
52		0.0752323
53		0.0761734
54		0.0777926
55		0.0798875
56		0.0832574
57		0.0850284
58		0.0854434
59		0.0893092
60		0.0904325
61		0.0930941
62		0.0943591
63		0.0962718
64		0.0977291
65		0.100461
66		0.101453
67		0.10453
68		0.105987
69		0.107839
70		0.109843
71		0.112029
72		0.113365
73		0.117939
74		0.11886
75		0.120094
76		0.122604
77		0.125245
78		0.126905
79		0.128848
80		0.130801
81		0.132623
82		0.135123
83		0.136762
84		0.138361
85		0.142783
86		0.144757
87		0.145293
88		0.145819
89		0.149685
90		0.152124
91		0.154158
92		0.156992
93		0.158763
94		0.160048
95		0.160625
96		0.163206
97		0.166565
98		0.169854
99		0.171332
100		0.171615
101		0.175208
102		0.17788
103		0.178042
104		0.18131
105		0.182545
106		0.184862
107		0.186674
108		0.188536
109		0.189943
110		0.191592
111		0.194021
112		0.197199
113		0.198059
114		0.199334
115		0.203777
116		0.204688
117		0.205214
118		0.208685
119		0.210618
120		0.211883
121		0.214575
122		0.216963
123		0.218036
124		0.220414
125		0.222084
126		0.222711
127		0.22683
128		0.228601
129		0.230484
130		0.232275
131		0.236515
132		0.238914
133		0.239379
134		0.240361
135		0.244125
136		0.245643
137		0.248973
138		0.250106
139		0.250744
140		0.25294
141		0.255794
142		0.259194
143		0.261481
144		0.26224
145		0.265054
146		0.266804
147		0.268373
148		0.270569
149		0.274283
150		0.275346
151		0.27741
152		0.278301
153		0.282339
154		0.283846
155		0.286285
156		0.286548
157		0.289483
158		0.290829
159		0.292803
160		0.294442
161		0.298713
162		0.298905
163		0.301921
164		0.302821
165		0.304795
166		0.309187
167		0.30942
168		0.310796
169		0.31367
170		0.315816
171		0.317435
172		0.319469
173		0.321412
174		0.322879
175		0.325268
176		0.32803
177		0.328375
178		0.331674
179		0.333768
180		0.334811
181		0.337351
182		0.339284
183		0.343838
184		0.344445
185		0.345518
186		0.346591
187		0.349728
188		0.353158
189		0.355618
190		0.357247
191		0.357885
192		0.360202
193		0.363946
194		0.364695
195		0.368399
196		0.369937
197		0.37103
198		0.371455
199		0.377305
200		0.380057
201		0.380776
202		0.382719
203		0.38448
204		0.385887
205		0.387921
206		0.391139
207		0.392788
208		0.394428
209		0.397019
210		0.398314
211		0.399761
212		0.400763
213		0.406461
214		0.406876
215		0.410104
216		0.411005
217		0.412593
218		0.414516
219		0.418544
220		0.419485
221		0.42239
222		0.423017
223		0.425203
224		0.426215
225		0.430182
226		0.431326
227		0.434382
228		0.434635
229		0.437731
230		0.439199
231		0.441678
232		0.444502
233		0.445281
234		0.44857
235		0.449663
236		0.451667
237		0.453458
238		0.455897
239		0.459388
240		0.46034
241		0.461453
242		0.463153
243		0.464226
244		0.468041
245		0.468881
246		0.470733
247		0.474558
248		0.476177
249		0.478131
250		0.479578
251		0.480215
252		0.480954
253		0.485032
254		0.487492
255		0.488494
256		0.490001
257		0.491145
258		0.493179
259		0.496448
260		0.49828
261		0.501154
262		0.503542
263		0.505799
264		0.507084
265		0.508804
266		0.513733
267		0.51516
268		0.516374
269		0.516607
270		0.521019
271		0.523074
272		0.525614
273		0.526889
274		0.528174
275		0.531878
276		0.532738
277		0.535106
278		0.536523
279		0.539347
280		0.539934
281		0.542342
282		0.543961
283		0.547331
284		0.549669
285		0.553808
286		0.55649
287		0.55816
288		0.560255
289		0.562694
290		0.564637
291		0.564869
292		0.570081
293		0.571154
294		0.571609
295		0.574746
296		0.575556
297		0.580566
298		0.582782
299		0.585292
300		0.589501
301		0.593033
302		0.59524
303		0.596312
304		0.599348
305		0.601676
306		0.602991
307		0.605167
308		0.605694
309		0.608628
310		0.612494
311		0.613395
312		0.614356
313		0.617585
314		0.618991
315		0.622655
316		0.624213
317		0.624942
318		0.62898
319		0.631753
320		0.633433
321		0.635426
322		0.63579
323		0.63829
324		0.64085
325		0.642055
326		0.644514
327		0.647003
328		0.648754
329		0.64924
330		0.651861
331		0.654381
332		0.657994
333		0.659299
334		0.660949
335		0.663782
336		0.664794
337		0.66867
338		0.671342
339		0.673902
340		0.676706
341		0.677637
342		0.680845
343		0.682332
344		0.686735
345		0.688232
346		0.689255
347		0.690874
348		0.692159
349		0.693161
350		0.694436
351		0.699162
352		0.69982
353		0.702492
354		0.706671
355		0.708614
356		0.712399
357		0.713634
358		0.716801
359		0.721092
360		0.722337
361		0.724968
362		0.726436
363		0.728945
364		0.730605
365		0.732437
366		0.733965
367		0.737456
368		0.737831
369		0.739278
370		0.740806
371		0.744935
372		0.746109
373		0.74709
374		0.74786
375		0.752282
376		0.754296
377		0.756138
378		0.756826
379		0.759862
380		0.761663
381		0.76304
382		0.765185
383		0.766066
384		0.771045
385		0.772289
386		0.773463
387		0.77407
388		0.776945
389		0.778766
390		0.779313
391		0.782845
392		0.784666
393		0.787176
394		0.788228
395		0.790273
396		0.791163
397		0.796233
398		0.797063
399		0.798338
400		0.801718
401		0.803864
402		0.80526
403		0.805746
404		0.809976
405		0.81284
406		0.813711
407		0.815421
408		0.816554
409		0.81954
410		0.822201
411		0.823547
412		0.824306
413		0.826806
414		0.830662
415		0.831127
416		0.833394
417		0.835732
418		0.83726
419		0.840498
420		0.841733
421		0.842917
422		0.8474
423		0.848523
424		0.849363
425		0.851317
426		0.853806
427		0.857662
428		0.857976
429		0.858988
430		0.859585
431		0.863299
432		0.864351
433		0.867053
434		0.868521
435		0.87099
436		0.873571
437		0.874238
438		0.876455
439		0.879531
440		0.880938
441		0.883144
442		0.885107
443		0.887617
444		0.888913
445		0.889995
446		0.893001
447		0.893608
448		0.897009
449		0.899478
450		0.901654
451		0.903293
452		0.904082
453		0.908151
454		0.908829
455		0.911005
456		0.912472
457		0.915073
458		0.918099
459		0.91902
460		0.919374
461		0.924414
462		0.925061
463		0.925921
464		0.928259
465		0.931639
466		0.933005
467		0.934412
468		0.934898
469		0.939381
470		0.941142
471		0.94269
472		0.943895
473		0.947599
474		0.949268
475		0.949916
476		0.953681
477		0.954753
478		0.957678
479		0.958973
480		0.960016
481		0.961797
482		0.964519
483		0.967272
484		0.968598
485		0.969367
486		0.970713
487		0.975651
488		0.977291
489		0.97804
490		0.979537
491		0.98229
492		0.983788
493		0.985903
494		0.987269
495		0.990103
496		0.990851
497		0.991003
498		0.991631
499		0.994039
500		0.995163
501		0.995527
502		0.996033
503		0.996579
504		0.997834
505		0.999079
506		0.99999
507		1
508		1
509		1
510		1
511		1
512		1
513		1
514		1
515		1
516		1
517		1
518		1
519		1
520		1
521		1
522		1
523		1
524		1
525		1
526		1
527		1
528		1
529		1
530		1
531		1
532		1
533		1
534		1
535		1
536		1
537		1
538		1
539		1
540		1
541		1
542		1
543		1
544		1
545		1
546		1
547		1
548		1
549		1
550		1
551		1
552		1
553		1
554		1
555		1
556		1
557		1
558		1
559		1
560		1
561		1
562		1
563		1
564		1
565		1
566		1
567		1
568		1
569		1
570		1
571		1
572		1
573		1
574		1
575		1
576		1
577		1
578		1
579		1
580		1
581		1
582		1
583		1
584		1
585		1
586		1
587		1
588		1
589		1
590		1
591		1
592		1
593		1
594		1
595		1
596		1
597		1
598		1
599		1
600		1
