# Calibration file of tamex_id 0 @ channel 13
# fine_T bin		 Calibration value
1		0
2		0
3		0
4		0
5		0
6		0
7		0
8		0
9		0
10		0
11		0
12		0
13		0
14		0
15		0
16		0
17		0.00604422
18		0.00802764
19		0.00948911
20		0.0132785
21		0.0174646
22		0.019782
23		0.0200743
24		0.0218594
25		0.0273243
26		0.0288536
27		0.0294851
28		0.0320636
29		0.0350387
30		0.0371213
31		0.0378573
32		0.039324
33		0.0414692
34		0.0437501
35		0.046934
36		0.0476491
37		0.0499405
38		0.0501597
39		0.0530722
40		0.0551444
41		0.0582239
42		0.0599202
43		0.060818
44		0.0627753
45		0.0656461
46		0.0685168
47		0.0711422
48		0.072134
49		0.0733605
50		0.0755214
51		0.0773065
52		0.0803025
53		0.0815604
54		0.0839823
55		0.0866965
56		0.087161
57		0.0888365
58		0.0921456
59		0.094745
60		0.0962325
61		0.0974591
62		0.0984561
63		0.102308
64		0.104584
65		0.105967
66		0.107016
67		0.110649
68		0.112705
69		0.114475
70		0.115759
71		0.117852
72		0.119715
73		0.12363
74		0.124731
75		0.127195
76		0.127811
77		0.129664
78		0.132456
79		0.133704
80		0.136856
81		0.138177
82		0.140071
83		0.142003
84		0.143882
85		0.146481
86		0.148673
87		0.149884
88		0.153146
89		0.154389
90		0.156659
91		0.160026
92		0.160167
93		0.161931
94		0.164953
95		0.166936
96		0.168184
97		0.172104
98		0.173304
99		0.175314
100		0.176206
101		0.179374
102		0.181071
103		0.184176
104		0.185257
105		0.187747
106		0.189041
107		0.190069
108		0.193457
109		0.194704
110		0.1977
111		0.198149
112		0.201041
113		0.2022
114		0.20436
115		0.207743
116		0.210399
117		0.212111
118		0.213484
119		0.21577
120		0.218761
121		0.219252
122		0.221846
123		0.223725
124		0.226648
125		0.228396
126		0.229179
127		0.233136
128		0.23418
129		0.236748
130		0.237859
131		0.240443
132		0.242724
133		0.244154
134		0.24489
135		0.24882
136		0.250642
137		0.253017
138		0.254223
139		0.257547
140		0.258518
141		0.261264
142		0.264495
143		0.265225
144		0.268498
145		0.270001
146		0.272481
147		0.273895
148		0.275398
149		0.27972
150		0.28032
151		0.282784
152		0.28412
153		0.287147
154		0.289277
155		0.29102
156		0.291835
157		0.294455
158		0.296772
159		0.300457
160		0.300875
161		0.304946
162		0.306178
163		0.309101
164		0.310181
165		0.314451
166		0.315985
167		0.316894
168		0.319227
169		0.322077
170		0.324571
171		0.325537
172		0.327421
173		0.328382
174		0.331623
175		0.333742
176		0.337104
177		0.338001
178		0.338836
179		0.341237
180		0.343289
181		0.34581
182		0.348164
183		0.351395
184		0.351844
185		0.353848
186		0.354772
187		0.358509
188		0.360884
189		0.363196
190		0.363932
191		0.366114
192		0.367126
193		0.371109
194		0.371584
195		0.374481
196		0.37743
197		0.377743
198		0.380875
199		0.38244
200		0.38648
201		0.387222
202		0.38933
203		0.391496
204		0.394007
205		0.397269
206		0.398924
207		0.401304
208		0.402765
209		0.405678
210		0.409227
211		0.410266
212		0.410814
213		0.414405
214		0.417255
215		0.418492
216		0.421028
217		0.423602
218		0.424338
219		0.42677
220		0.429515
221		0.432569
222		0.433602
223		0.435826
224		0.436176
225		0.437663
226		0.440278
227		0.443112
228		0.44519
229		0.44592
230		0.448337
231		0.449569
232		0.45435
233		0.455509
234		0.456537
235		0.458656
236		0.45971
237		0.463724
238		0.466553
239		0.468959
240		0.469163
241		0.471491
242		0.474476
243		0.476486
244		0.477833
245		0.480975
246		0.483183
247		0.484707
248		0.48621
249		0.488538
250		0.490005
251		0.493862
252		0.496456
253		0.496743
254		0.500115
255		0.503476
256		0.505788
257		0.506216
258		0.507981
259		0.510841
260		0.513539
261		0.514578
262		0.516301
263		0.518843
264		0.520528
265		0.524213
266		0.525419
267		0.526218
268		0.5302
269		0.532272
270		0.534183
271		0.536552
272		0.537053
273		0.540613
274		0.542179
275		0.544502
276		0.546329
277		0.548255
278		0.548505
279		0.552806
280		0.553923
281		0.557029
282		0.559064
283		0.560547
284		0.564258
285		0.56872
286		0.56979
287		0.571257
288		0.573089
289		0.575339
290		0.578841
291		0.579619
292		0.581174
293		0.582636
294		0.584729
295		0.585245
296		0.586279
297		0.588967
298		0.591331
299		0.592198
300		0.59379
301		0.595935
302		0.596958
303		0.600586
304		0.603034
305		0.604996
306		0.605701
307		0.609198
308		0.610492
309		0.613666
310		0.6152
311		0.616965
312		0.617455
313		0.620634
314		0.624841
315		0.62518
316		0.626417
317		0.629173
318		0.630744
319		0.631564
320		0.634518
321		0.637957
322		0.639074
323		0.640552
324		0.641977
325		0.647869
326		0.648517
327		0.6492
328		0.652045
329		0.653955
330		0.655281
331		0.659598
332		0.660819
333		0.661414
334		0.663763
335		0.665725
336		0.668638
337		0.671018
338		0.672636
339		0.674202
340		0.675971
341		0.677109
342		0.679145
343		0.682845
344		0.684813
345		0.685278
346		0.688921
347		0.692512
348		0.695106
349		0.695973
350		0.699689
351		0.70316
352		0.706292
353		0.708406
354		0.708599
355		0.710311
356		0.71231
357		0.71302
358		0.71623
359		0.717274
360		0.718902
361		0.719116
362		0.722034
363		0.724132
364		0.724523
365		0.728449
366		0.729894
367		0.731325
368		0.733005
369		0.735197
370		0.737562
371		0.739764
372		0.741372
373		0.744175
374		0.746158
375		0.747693
376		0.750005
377		0.752975
378		0.754562
379		0.756326
380		0.758142
381		0.761739
382		0.76248
383		0.764103
384		0.766379
385		0.770497
386		0.771818
387		0.773107
388		0.775555
389		0.777909
390		0.779824
391		0.781547
392		0.78257
393		0.787012
394		0.787842
395		0.788223
396		0.791182
397		0.794168
398		0.796856
399		0.79767
400		0.799236
401		0.801934
402		0.804361
403		0.806903
404		0.808688
405		0.810025
406		0.81289
407		0.814592
408		0.815677
409		0.817577
410		0.821602
411		0.823935
412		0.824754
413		0.825485
414		0.828309
415		0.831994
416		0.834723
417		0.836305
418		0.836728
419		0.840261
420		0.841446
421		0.843231
422		0.845846
423		0.847062
424		0.850476
425		0.851243
426		0.853723
427		0.857277
428		0.859109
429		0.859913
430		0.861787
431		0.865644
432		0.866584
433		0.868958
434		0.871459
435		0.873933
436		0.876281
437		0.877054
438		0.878656
439		0.880655
440		0.883213
441		0.886021
442		0.887608
443		0.890045
444		0.891747
445		0.894806
446		0.89681
447		0.89741
448		0.899769
449		0.903914
450		0.905584
451		0.906393
452		0.908836
453		0.91192
454		0.913972
455		0.916033
456		0.91846
457		0.919953
458		0.922704
459		0.924964
460		0.926071
461		0.929693
462		0.931165
463		0.932407
464		0.935565
465		0.937319
466		0.939344
467		0.940737
468		0.942611
469		0.944177
470		0.946547
471		0.950863
472		0.951813
473		0.952638
474		0.954668
475		0.958604
476		0.959799
477		0.962038
478		0.963265
479		0.965285
480		0.967571
481		0.96898
482		0.971392
483		0.97443
484		0.976074
485		0.977269
486		0.978997
487		0.982379
488		0.985819
489		0.987682
490		0.988621
491		0.989347
492		0.991033
493		0.992781
494		0.994932
495		0.995287
496		0.995563
497		0.996044
498		0.996273
499		0.998387
500		0.999682
501		0.999682
502		0.999932
503		0.999974
504		0.999995
505		1
506		1
507		1
508		1
509		1
510		1
511		1
512		1
513		1
514		1
515		1
516		1
517		1
518		1
519		1
520		1
521		1
522		1
523		1
524		1
525		1
526		1
527		1
528		1
529		1
530		1
531		1
532		1
533		1
534		1
535		1
536		1
537		1
538		1
539		1
540		1
541		1
542		1
543		1
544		1
545		1
546		1
547		1
548		1
549		1
550		1
551		1
552		1
553		1
554		1
555		1
556		1
557		1
558		1
559		1
560		1
561		1
562		1
563		1
564		1
565		1
566		1
567		1
568		1
569		1
570		1
571		1
572		1
573		1
574		1
575		1
576		1
577		1
578		1
579		1
580		1
581		1
582		1
583		1
584		1
585		1
586		1
587		1
588		1
589		1
590		1
591		1
592		1
593		1
594		1
595		1
596		1
597		1
598		1
599		1
600		1
