# Calibration file of tamex_id 1 @ channel 1
# fine_T bin		 Calibration value
1		0
2		0
3		0
4		0
5		0
6		0
7		0
8		0
9		0
10		0
11		0
12		0
13		0
14		0
15		0
16		0
17		0.00269095
18		0.00701612
19		0.00941217
20		0.0113782
21		0.0167723
22		0.0176079
23		0.0192175
24		0.0207166
25		0.0220314
26		0.025951
27		0.0269218
28		0.0298093
29		0.0306694
30		0.0323528
31		0.0367517
32		0.0371203
33		0.0376118
34		0.0401553
35		0.0442593
36		0.0458813
37		0.0475769
38		0.0478472
39		0.0493217
40		0.0511526
41		0.0553671
42		0.0570382
43		0.0579352
44		0.0602453
45		0.0606876
46		0.0629116
47		0.0674088
48		0.0691536
49		0.0696083
50		0.0728522
51		0.0749779
52		0.0774845
53		0.0779514
54		0.0805809
55		0.0826329
56		0.0857294
57		0.0871793
58		0.0894279
59		0.0923277
60		0.0945395
61		0.0962966
62		0.0972796
63		0.0993561
64		0.102059
65		0.103558
66		0.106864
67		0.107687
68		0.108719
69		0.111607
70		0.112995
71		0.114261
72		0.118414
73		0.121289
74		0.122751
75		0.124103
76		0.125614
77		0.127912
78		0.13032
79		0.131316
80		0.132139
81		0.137251
82		0.138565
83		0.139511
84		0.141674
85		0.144955
86		0.147425
87		0.149071
88		0.150742
89		0.153581
90		0.155239
91		0.157316
92		0.159184
93		0.161887
94		0.163865
95		0.165094
96		0.166667
97		0.167478
98		0.171373
99		0.174027
100		0.175084
101		0.176005
102		0.176816
103		0.18221
104		0.182739
105		0.185147
106		0.18672
107		0.1893
108		0.191401
109		0.193969
110		0.194203
111		0.198073
112		0.19972
113		0.201674
114		0.202669
115		0.203996
116		0.208714
117		0.209279
118		0.211086
119		0.212499
120		0.215104
121		0.217746
122		0.21997
123		0.220719
124		0.22223
125		0.227809
126		0.229468
127		0.229836
128		0.231815
129		0.23394
130		0.236287
131		0.23845
132		0.240047
133		0.242333
134		0.244286
135		0.244999
136		0.245871
137		0.250713
138		0.252556
139		0.253613
140		0.255308
141		0.256537
142		0.259781
143		0.262435
144		0.263971
145		0.265888
146		0.266809
147		0.270618
148		0.271712
149		0.275496
150		0.27616
151		0.278384
152		0.280817
153		0.283151
154		0.284491
155		0.287096
156		0.289824
157		0.290413
158		0.290782
159		0.296778
160		0.297417
161		0.297921
162		0.300919
163		0.303659
164		0.306436
165		0.307493
166		0.308795
167		0.311241
168		0.314042
169		0.315775
170		0.317937
171		0.320776
172		0.322041
173		0.323307
174		0.324486
175		0.326661
176		0.32993
177		0.332645
178		0.333493
179		0.335312
180		0.336331
181		0.338936
182		0.342168
183		0.343483
184		0.34497
185		0.347857
186		0.348238
187		0.352477
188		0.354935
189		0.356913
190		0.358707
191		0.359395
192		0.359837
193		0.36399
194		0.366165
195		0.367517
196		0.369163
197		0.371486
198		0.37398
199		0.375184
200		0.377285
201		0.378932
202		0.38048
203		0.383601
204		0.383847
205		0.387681
206		0.389253
207		0.390838
208		0.392288
209		0.395606
210		0.396159
211		0.40046
212		0.401811
213		0.40304
214		0.40476
215		0.408262
216		0.410842
217		0.412894
218		0.413705
219		0.415659
220		0.417723
221		0.419407
222		0.422024
223		0.424875
224		0.425305
225		0.426865
226		0.428082
227		0.432087
228		0.435135
229		0.435651
230		0.438759
231		0.439755
232		0.442581
233		0.444141
234		0.446365
235		0.447729
236		0.449376
237		0.451833
238		0.452091
239		0.455728
240		0.457387
241		0.460029
242		0.461209
243		0.463334
244		0.464219
245		0.469195
246		0.469515
247		0.472439
248		0.473189
249		0.475634
250		0.476801
251		0.479296
252		0.483043
253		0.484223
254		0.486779
255		0.486963
256		0.490047
257		0.491903
258		0.49409
259		0.49839
260		0.499164
261		0.50118
262		0.502408
263		0.505566
264		0.506611
265		0.509007
266		0.511857
267		0.513983
268		0.516502
269		0.51789
270		0.518075
271		0.520569
272		0.524255
273		0.525791
274		0.527696
275		0.529514
276		0.530854
277		0.532943
278		0.53427
279		0.536432
280		0.539529
281		0.541802
282		0.542957
283		0.546766
284		0.548818
285		0.552258
286		0.555551
287		0.557223
288		0.558488
289		0.560491
290		0.564054
291		0.566819
292		0.568281
293		0.568564
294		0.571537
295		0.573897
296		0.577349
297		0.57934
298		0.5831
299		0.584243
300		0.589686
301		0.593262
302		0.594146
303		0.597095
304		0.597611
305		0.600253
306		0.601224
307		0.604062
308		0.605905
309		0.608805
310		0.609395
311		0.612885
312		0.614998
313		0.616227
314		0.619065
315		0.621756
316		0.622813
317		0.626585
318		0.627924
319		0.629669
320		0.63166
321		0.633159
322		0.635629
323		0.638737
324		0.640372
325		0.641441
326		0.643824
327		0.646319
328		0.648739
329		0.650103
330		0.651701
331		0.654822
332		0.656493
333		0.659331
334		0.660203
335		0.662415
336		0.665143
337		0.667834
338		0.669702
339		0.672221
340		0.675464
341		0.676902
342		0.682075
343		0.684017
344		0.685012
345		0.687555
346		0.689521
347		0.692495
348		0.694866
349		0.695235
350		0.69666
351		0.698454
352		0.701243
353		0.704696
354		0.706244
355		0.708874
356		0.713519
357		0.715743
358		0.718237
359		0.722095
360		0.724209
361		0.726728
362		0.728558
363		0.731643
364		0.733203
365		0.733965
366		0.73641
367		0.737024
368		0.740219
369		0.743488
370		0.74377
371		0.745871
372		0.746867
373		0.749693
374		0.751204
375		0.75435
376		0.756328
377		0.758478
378		0.760543
379		0.763172
380		0.763565
381		0.765544
382		0.767436
383		0.768124
384		0.771196
385		0.773702
386		0.774931
387		0.775656
388		0.776565
389		0.779883
390		0.782783
391		0.784048
392		0.785277
393		0.787686
394		0.789934
395		0.792613
396		0.793006
397		0.794923
398		0.797442
399		0.801484
400		0.802455
401		0.804839
402		0.805293
403		0.808328
404		0.811081
405		0.812396
406		0.813415
407		0.817175
408		0.81838
409		0.819559
410		0.823122
411		0.824007
412		0.827054
413		0.828873
414		0.83036
415		0.833112
416		0.834611
417		0.835017
418		0.837413
419		0.839919
420		0.84379
421		0.84422
422		0.845547
423		0.850093
424		0.852391
425		0.852919
426		0.854775
427		0.856987
428		0.859112
429		0.861754
430		0.86329
431		0.864531
432		0.865907
433		0.86748
434		0.870097
435		0.871707
436		0.872284
437		0.876069
438		0.877924
439		0.87892
440		0.881439
441		0.884228
442		0.885358
443		0.887029
444		0.889266
445		0.89058
446		0.89493
447		0.895471
448		0.896368
449		0.900386
450		0.901516
451		0.903568
452		0.905731
453		0.908102
454		0.90911
455		0.912169
456		0.912808
457		0.914148
458		0.917994
459		0.920427
460		0.920758
461		0.923806
462		0.924641
463		0.926841
464		0.93108
465		0.93167
466		0.933894
467		0.935589
468		0.936646
469		0.939042
470		0.941831
471		0.944547
472		0.94607
473		0.946771
474		0.949167
475		0.952546
476		0.955077
477		0.956023
478		0.958137
479		0.959857
480		0.963113
481		0.964735
482		0.966787
483		0.969613
484		0.970326
485		0.974688
486		0.976568
487		0.978743
488		0.98077
489		0.981827
490		0.983535
491		0.986398
492		0.987405
493		0.991264
494		0.991989
495		0.994139
496		0.995675
497		0.998489
498		0.998624
499		0.999865
500		0.999975
501		0.999988
502		1
503		1
504		1
505		1
506		1
507		1
508		1
509		1
510		1
511		1
512		1
513		1
514		1
515		1
516		1
517		1
518		1
519		1
520		1
521		1
522		1
523		1
524		1
525		1
526		1
527		1
528		1
529		1
530		1
531		1
532		1
533		1
534		1
535		1
536		1
537		1
538		1
539		1
540		1
541		1
542		1
543		1
544		1
545		1
546		1
547		1
548		1
549		1
550		1
551		1
552		1
553		1
554		1
555		1
556		1
557		1
558		1
559		1
560		1
561		1
562		1
563		1
564		1
565		1
566		1
567		1
568		1
569		1
570		1
571		1
572		1
573		1
574		1
575		1
576		1
577		1
578		1
579		1
580		1
581		1
582		1
583		1
584		1
585		1
586		1
587		1
588		1
589		1
590		1
591		1
592		1
593		1
594		1
595		1
596		1
597		1
598		1
599		1
600		1
