# Calibration file of tamex_id 2 @ channel 12
# fine_T bin		 Calibration value
1		0
2		0
3		0
4		0
5		0
6		0
7		0
8		0
9		0
10		0
11		0
12		0
13		0
14		0
15		0
16		0
17		0.00297007
18		0.00782296
19		0.0114162
20		0.0121057
21		0.0194779
22		0.0203264
23		0.0206844
24		0.0228855
25		0.0264124
26		0.028229
27		0.0295416
28		0.0308543
29		0.0343282
30		0.0361978
31		0.0377756
32		0.0398573
33		0.0416473
34		0.0443787
35		0.0456914
36		0.0477864
37		0.0506769
38		0.052321
39		0.0531298
40		0.0558878
41		0.0586987
42		0.0611252
43		0.0632069
44		0.0644798
45		0.0668399
46		0.0680067
47		0.0732839
48		0.0742121
49		0.0769833
50		0.0778451
51		0.0810538
52		0.0824858
53		0.0845543
54		0.0859995
55		0.0888105
56		0.0909055
57		0.0924701
58		0.0929607
59		0.098503
60		0.0994577
61		0.100147
62		0.101168
63		0.105544
64		0.108447
65		0.111391
66		0.112001
67		0.115183
68		0.115422
69		0.118246
70		0.11875
71		0.124385
72		0.125804
73		0.127673
74		0.130047
75		0.132738
76		0.134263
77		0.137472
78		0.139487
79		0.141211
80		0.142219
81		0.144698
82		0.146091
83		0.148318
84		0.149949
85		0.155067
86		0.155438
87		0.155916
88		0.159297
89		0.161471
90		0.163739
91		0.16643
92		0.167252
93		0.170846
94		0.171986
95		0.17298
96		0.1755
97		0.178364
98		0.180233
99		0.182819
100		0.183985
101		0.187923
102		0.189647
103		0.190522
104		0.192776
105		0.195601
106		0.196555
107		0.198584
108		0.201196
109		0.203013
110		0.205373
111		0.20878
112		0.210133
113		0.211618
114		0.213792
115		0.216855
116		0.21838
117		0.219918
118		0.222875
119		0.226349
120		0.226932
121		0.22733
122		0.230234
123		0.236227
124		0.236611
125		0.236691
126		0.237553
127		0.242976
128		0.24409
129		0.246689
130		0.247139
131		0.251051
132		0.252509
133		0.253782
134		0.255426
135		0.259205
136		0.26126
137		0.262653
138		0.263514
139		0.267333
140		0.268434
141		0.271377
142		0.272425
143		0.275236
144		0.27863
145		0.280765
146		0.28282
147		0.284172
148		0.286599
149		0.289489
150		0.291054
151		0.293189
152		0.295005
153		0.298903
154		0.300163
155		0.302338
156		0.303146
157		0.30902
158		0.309789
159		0.31028
160		0.310903
161		0.318381
162		0.319309
163		0.32045
164		0.321683
165		0.325714
166		0.327875
167		0.329055
168		0.332171
169		0.334279
170		0.334929
171		0.336613
172		0.339172
173		0.343335
174		0.345099
175		0.345841
176		0.346862
177		0.348931
178		0.353492
179		0.354075
180		0.356992
181		0.35747
182		0.358491
183		0.363052
184		0.365107
185		0.366711
186		0.369814
187		0.372148
188		0.373062
189		0.375953
190		0.376298
191		0.38135
192		0.382543
193		0.382914
194		0.38363
195		0.388231
196		0.391201
197		0.391758
198		0.393522
199		0.39738
200		0.399767
201		0.401742
202		0.403917
203		0.405534
204		0.407908
205		0.410865
206		0.414498
207		0.415757
208		0.418409
209		0.420146
210		0.422732
211		0.424946
212		0.427903
213		0.430289
214		0.431841
215		0.432835
216		0.435089
217		0.438086
218		0.440764
219		0.443549
220		0.444358
221		0.44758
222		0.449263
223		0.449741
224		0.452353
225		0.455654
226		0.457802
227		0.459036
228		0.46056
229		0.465161
230		0.466912
231		0.468039
232		0.4689
233		0.473714
234		0.47545
235		0.476087
236		0.478858
237		0.482093
238		0.483141
239		0.484361
240		0.487649
241		0.490182
242		0.491614
243		0.493854
244		0.496055
245		0.497753
246		0.500656
247		0.501969
248		0.503958
249		0.506424
250		0.507445
251		0.513916
252		0.514393
253		0.515692
254		0.516528
255		0.522508
256		0.523727
257		0.525902
258		0.526817
259		0.530476
260		0.531776
261		0.532372
262		0.53456
263		0.537742
264		0.540911
265		0.541959
266		0.543563
267		0.545433
268		0.548933
269		0.551307
270		0.553574
271		0.555139
272		0.55726
273		0.559832
274		0.561927
275		0.562789
276		0.566356
277		0.568928
278		0.572522
279		0.572933
280		0.574086
281		0.578037
282		0.579164
283		0.580305
284		0.582758
285		0.587664
286		0.588247
287		0.589268
288		0.596176
289		0.597582
290		0.59908
291		0.599968
292		0.605816
293		0.607155
294		0.607977
295		0.607977
296		0.608335
297		0.610045
298		0.613042
299		0.614235
300		0.616595
301		0.617988
302		0.619366
303		0.622774
304		0.623967
305		0.625254
306		0.62593
307		0.630438
308		0.633077
309		0.63431
310		0.63663
311		0.637757
312		0.641112
313		0.64269
314		0.645249
315		0.647039
316		0.647755
317		0.65213
318		0.65392
319		0.655007
320		0.658282
321		0.660351
322		0.662008
323		0.663162
324		0.66584
325		0.669606
326		0.670083
327		0.670892
328		0.673557
329		0.678145
330		0.678596
331		0.680319
332		0.681009
333		0.685066
334		0.686233
335		0.688845
336		0.690555
337		0.695369
338		0.695554
339		0.697106
340		0.697649
341		0.702807
342		0.70522
343		0.706718
344		0.708097
345		0.713799
346		0.718466
347		0.718546
348		0.718745
349		0.721953
350		0.726713
351		0.727761
352		0.731089
353		0.731089
354		0.731633
355		0.731951
356		0.734642
357		0.738209
358		0.739151
359		0.739243
360		0.742147
361		0.743447
362		0.745409
363		0.749546
364		0.751124
365		0.751548
366		0.752423
367		0.756918
368		0.759702
369		0.761638
370		0.761811
371		0.765974
372		0.766955
373		0.767989
374		0.77096
375		0.773333
376		0.774619
377		0.776436
378		0.777762
379		0.781673
380		0.783927
381		0.786301
382		0.787176
383		0.789443
384		0.791352
385		0.793461
386		0.795595
387		0.799096
388		0.800395
389		0.802543
390		0.80375
391		0.806335
392		0.808178
393		0.811626
394		0.813946
395		0.814556
396		0.815802
397		0.819701
398		0.821875
399		0.824302
400		0.826317
401		0.829406
402		0.830865
403		0.831713
404		0.833424
405		0.838635
406		0.840093
407		0.841061
408		0.843169
409		0.845848
410		0.848712
411		0.85017
412		0.852252
413		0.853034
414		0.85627
415		0.858378
416		0.859903
417		0.861348
418		0.863416
419		0.869118
420		0.869794
421		0.87112
422		0.87348
423		0.877524
424		0.878824
425		0.881224
426		0.881754
427		0.885546
428		0.887548
429		0.888887
430		0.889842
431		0.895835
432		0.896485
433		0.897837
434		0.899442
435		0.901842
436		0.902491
437		0.905329
438		0.906496
439		0.912277
440		0.913046
441		0.913457
442		0.914809
443		0.919675
444		0.92128
445		0.922791
446		0.924462
447		0.925655
448		0.929275
449		0.932192
450		0.934499
451		0.936011
452		0.936501
453		0.941447
454		0.943038
455		0.944868
456		0.946539
457		0.950251
458		0.952055
459		0.95354
460		0.954812
461		0.96009
462		0.960368
463		0.961946
464		0.962675
465		0.967674
466		0.968881
467		0.969477
468		0.970604
469		0.974688
470		0.978387
471		0.978851
472		0.980244
473		0.982644
474		0.984778
475		0.986343
476		0.99044
477		0.993304
478		0.994895
479		0.996672
480		0.998051
481		0.999642
482		1
483		1
484		1
485		1
486		1
487		1
488		1
489		1
490		1
491		1
492		1
493		1
494		1
495		1
496		1
497		1
498		1
499		1
500		1
501		1
502		1
503		1
504		1
505		1
506		1
507		1
508		1
509		1
510		1
511		1
512		1
513		1
514		1
515		1
516		1
517		1
518		1
519		1
520		1
521		1
522		1
523		1
524		1
525		1
526		1
527		1
528		1
529		1
530		1
531		1
532		1
533		1
534		1
535		1
536		1
537		1
538		1
539		1
540		1
541		1
542		1
543		1
544		1
545		1
546		1
547		1
548		1
549		1
550		1
551		1
552		1
553		1
554		1
555		1
556		1
557		1
558		1
559		1
560		1
561		1
562		1
563		1
564		1
565		1
566		1
567		1
568		1
569		1
570		1
571		1
572		1
573		1
574		1
575		1
576		1
577		1
578		1
579		1
580		1
581		1
582		1
583		1
584		1
585		1
586		1
587		1
588		1
589		1
590		1
591		1
592		1
593		1
594		1
595		1
596		1
597		1
598		1
599		1
600		1
