# Calibration file of tamex_id 2 @ channel 3
# fine_T bin		 Calibration value
1		0
2		0
3		0
4		0
5		0
6		0
7		0
8		0
9		0
10		0
11		0
12		0
13		0
14		0
15		0
16		0
17		0.00109556
18		0.00657338
19		0.00741932
20		0.0089864
21		0.0147277
22		0.0165721
23		0.0179728
24		0.018583
25		0.0203581
26		0.025406
27		0.0267234
28		0.0279299
29		0.0287343
30		0.0314385
31		0.0336158
32		0.0350026
33		0.0358346
34		0.0384695
35		0.0421584
36		0.0437393
37		0.0447517
38		0.044932
39		0.0502295
40		0.0508536
41		0.0522126
42		0.0554161
43		0.0583838
44		0.059202
45		0.0606998
46		0.0622946
47		0.0657338
48		0.0668987
49		0.0682023
50		0.0704212
51		0.0734998
52		0.07558
53		0.0771055
54		0.0778544
55		0.0813491
56		0.0830548
57		0.0834015
58		0.0857452
59		0.0891151
60		0.0911814
61		0.0938302
62		0.095217
63		0.0961184
64		0.0993912
65		0.101832
66		0.104952
67		0.106186
68		0.107837
69		0.110236
70		0.111609
71		0.114133
72		0.11656
73		0.118612
74		0.121386
75		0.122204
76		0.123078
77		0.12703
78		0.127488
79		0.129998
80		0.132147
81		0.135503
82		0.1375
83		0.13818
84		0.138887
85		0.143311
86		0.146417
87		0.146889
88		0.148872
89		0.149954
90		0.152949
91		0.154266
92		0.157484
93		0.159245
94		0.160673
95		0.164501
96		0.16561
97		0.166886
98		0.169493
99		0.172669
100		0.174652
101		0.175346
102		0.177246
103		0.180269
104		0.182044
105		0.183361
106		0.186176
107		0.188326
108		0.190517
109		0.190947
110		0.194289
111		0.197728
112		0.199115
113		0.200405
114		0.20139
115		0.205592
116		0.207699
117		0.208545
118		0.210681
119		0.21265
120		0.214592
121		0.216117
122		0.218419
123		0.221387
124		0.223176
125		0.226047
126		0.226366
127		0.231067
128		0.232218
129		0.233022
130		0.235199
131		0.237848
132		0.240178
133		0.240982
134		0.243063
135		0.244408
136		0.246821
137		0.251411
138		0.252493
139		0.254129
140		0.255142
141		0.258927
142		0.259482
143		0.262325
144		0.264142
145		0.267276
146		0.269051
147		0.269731
148		0.271076
149		0.277788
150		0.278967
151		0.279396
152		0.281366
153		0.284514
154		0.288785
155		0.28995
156		0.29203
157		0.292807
158		0.296066
159		0.298104
160		0.299089
161		0.302625
162		0.303776
163		0.307132
164		0.308602
165		0.309615
166		0.313206
167		0.31573
168		0.31616
169		0.318712
170		0.320834
171		0.325369
172		0.32609
173		0.32627
174		0.326464
175		0.332081
176		0.335284
177		0.336088
178		0.336851
179		0.34011
180		0.341968
181		0.343203
182		0.345796
183		0.348015
184		0.350414
185		0.352147
186		0.353285
187		0.354644
188		0.359262
189		0.361411
190		0.36216
191		0.364462
192		0.364906
193		0.368955
194		0.371951
195		0.372478
196		0.374641
197		0.378039
198		0.380022
199		0.38102
200		0.382837
201		0.388523
202		0.38948
203		0.389965
204		0.390284
205		0.395942
206		0.396469
207		0.398605
208		0.399811
209		0.403278
210		0.40454
211		0.405539
212		0.406177
213		0.412903
214		0.413638
215		0.415468
216		0.416037
217		0.42035
218		0.422472
219		0.423775
220		0.426923
221		0.427866
222		0.431638
223		0.432137
224		0.433205
225		0.434731
226		0.437754
227		0.441498
228		0.442774
229		0.444341
230		0.446782
231		0.448474
232		0.450304
233		0.452177
234		0.455103
235		0.457405
236		0.458653
237		0.459429
238		0.460206
239		0.467847
240		0.468485
241		0.468874
242		0.470815
243		0.473783
244		0.477666
245		0.478942
246		0.480231
247		0.483157
248		0.48453
249		0.486527
250		0.488455
251		0.49256
252		0.494238
253		0.496914
254		0.497414
255		0.497719
256		0.502406
257		0.504694
258		0.506483
259		0.507343
260		0.508952
261		0.513972
262		0.515303
263		0.516205
264		0.517578
265		0.521405
266		0.524373
267		0.52483
268		0.525427
269		0.531126
270		0.532735
271		0.53304
272		0.535634
273		0.539267
274		0.540695
275		0.541652
276		0.542831
277		0.544273
278		0.546964
279		0.549515
280		0.551013
281		0.553024
282		0.553246
283		0.556338
284		0.560415
285		0.563009
286		0.563355
287		0.566656
288		0.567696
289		0.572273
290		0.574935
291		0.575407
292		0.580025
293		0.5818
294		0.582729
295		0.583963
296		0.588498
297		0.591688
298		0.592825
299		0.593948
300		0.602449
301		0.603669
302		0.605167
303		0.609605
304		0.610964
305		0.611921
306		0.614764
307		0.61891
308		0.619146
309		0.620519
310		0.62106
311		0.626177
312		0.628382
313		0.629145
314		0.62945
315		0.632542
316		0.635912
317		0.63802
318		0.640919
319		0.642943
320		0.643387
321		0.648588
322		0.649336
323		0.650196
324		0.653192
325		0.656811
326		0.658378
327		0.659058
328		0.660694
329		0.664841
330		0.666033
331		0.667531
332		0.669168
333		0.674465
334		0.674964
335		0.675907
336		0.677405
337		0.679485
338		0.684297
339		0.686586
340		0.690011
341		0.691204
342		0.695849
343		0.697042
344		0.699136
345		0.699718
346		0.703033
347		0.707374
348		0.707734
349		0.707859
350		0.710411
351		0.71281
352		0.713115
353		0.718399
354		0.71887
355		0.723793
356		0.726692
357		0.728702
358		0.729826
359		0.73443
360		0.737758
361		0.739367
362		0.740934
363		0.743999
364		0.745552
365		0.747341
366		0.750309
367		0.751931
368		0.754303
369		0.756937
370		0.758338
371		0.759642
372		0.761209
373		0.765549
374		0.767879
375		0.769502
376		0.770847
377		0.774536
378		0.774785
379		0.775243
380		0.778682
381		0.781442
382		0.78441
383		0.786032
384		0.78674
385		0.789361
386		0.792633
387		0.793257
388		0.795795
389		0.797487
390		0.799845
391		0.802507
392		0.803672
393		0.804047
394		0.807195
395		0.811202
396		0.812603
397		0.813241
398		0.813546
399		0.817499
400		0.819981
401		0.822824
402		0.823406
403		0.827539
404		0.82826
405		0.828621
406		0.830631
407		0.83536
408		0.835984
409		0.836886
410		0.840006
411		0.843279
412		0.844042
413		0.846261
414		0.847578
415		0.851863
416		0.853167
417		0.854678
418		0.856079
419		0.859296
420		0.861793
421		0.864427
422		0.866438
423		0.867659
424		0.870044
425		0.871944
426		0.874149
427		0.875591
428		0.876298
429		0.880389
430		0.88179
431		0.882026
432		0.885326
433		0.888904
434		0.889833
435		0.889986
436		0.891414
437		0.89735
438		0.897849
439		0.898154
440		0.901469
441		0.903577
442		0.90721
443		0.907487
444		0.9085
445		0.911883
446		0.915115
447		0.916085
448		0.91707
449		0.920634
450		0.922784
451		0.924545
452		0.926902
453		0.9284
454		0.93091
455		0.932269
456		0.935806
457		0.937802
458		0.938926
459		0.941283
460		0.942393
461		0.943835
462		0.946622
463		0.949327
464		0.950297
465		0.952655
466		0.953529
467		0.957842
468		0.958729
469		0.95988
470		0.961974
471		0.966925
472		0.96791
473		0.968853
474		0.969602
475		0.975343
476		0.976868
477		0.978144
478		0.978727
479		0.981999
480		0.983567
481		0.985772
482		0.986021
483		0.989682
484		0.991471
485		0.99308
486		0.993538
487		0.997559
488		0.999015
489		0.999126
490		0.999986
491		1
492		1
493		1
494		1
495		1
496		1
497		1
498		1
499		1
500		1
501		1
502		1
503		1
504		1
505		1
506		1
507		1
508		1
509		1
510		1
511		1
512		1
513		1
514		1
515		1
516		1
517		1
518		1
519		1
520		1
521		1
522		1
523		1
524		1
525		1
526		1
527		1
528		1
529		1
530		1
531		1
532		1
533		1
534		1
535		1
536		1
537		1
538		1
539		1
540		1
541		1
542		1
543		1
544		1
545		1
546		1
547		1
548		1
549		1
550		1
551		1
552		1
553		1
554		1
555		1
556		1
557		1
558		1
559		1
560		1
561		1
562		1
563		1
564		1
565		1
566		1
567		1
568		1
569		1
570		1
571		1
572		1
573		1
574		1
575		1
576		1
577		1
578		1
579		1
580		1
581		1
582		1
583		1
584		1
585		1
586		1
587		1
588		1
589		1
590		1
591		1
592		1
593		1
594		1
595		1
596		1
597		1
598		1
599		1
600		1
