# Calibration file of tamex_id 2 @ channel 5
# fine_T bin		 Calibration value
1		0
2		0
3		0
4		0
5		0
6		0
7		0
8		0
9		0
10		0
11		0
12		0
13		0
14		0
15		0
16		0
17		0.00291783
18		0.00658985
19		0.00987859
20		0.0109542
21		0.0151332
22		0.0179397
23		0.019955
24		0.0205855
25		0.0223412
26		0.0254445
27		0.0271012
28		0.0293143
29		0.0306743
30		0.0315769
31		0.0345565
32		0.0354343
33		0.0370293
34		0.0401078
35		0.0431246
36		0.0445216
37		0.0466111
38		0.0480948
39		0.0511857
40		0.0522366
41		0.0538068
42		0.0565392
43		0.0577384
44		0.0594199
45		0.0621646
46		0.0637225
47		0.0676047
48		0.0683094
49		0.0684948
50		0.0717094
51		0.0737865
52		0.0760985
53		0.0785713
54		0.0798818
55		0.082268
56		0.0847036
57		0.0861502
58		0.0864469
59		0.0919859
60		0.0924928
61		0.0952622
62		0.0961895
63		0.0998615
64		0.100888
65		0.1032
66		0.10608
67		0.106414
68		0.107898
69		0.110704
70		0.112831
71		0.113536
72		0.116417
73		0.118283
74		0.120633
75		0.121832
76		0.123266
77		0.127581
78		0.128867
79		0.130845
80		0.132885
81		0.135976
82		0.139017
83		0.140439
84		0.141342
85		0.145422
86		0.147041
87		0.148846
88		0.151604
89		0.152049
90		0.15373
91		0.156636
92		0.159665
93		0.161569
94		0.162323
95		0.16461
96		0.166749
97		0.168431
98		0.170817
99		0.172288
100		0.17507
101		0.17638
102		0.177444
103		0.1791
104		0.182216
105		0.182871
106		0.186877
107		0.188583
108		0.190413
109		0.191464
110		0.193739
111		0.197967
112		0.199179
113		0.200638
114		0.20159
115		0.206165
116		0.207759
117		0.208106
118		0.210838
119		0.213311
120		0.215091
121		0.217168
122		0.218528
123		0.221904
124		0.224339
125		0.225452
126		0.225835
127		0.231238
128		0.232054
129		0.232784
130		0.236245
131		0.237729
132		0.241327
133		0.242675
134		0.243627
135		0.243948
136		0.247694
137		0.251267
138		0.254309
139		0.254803
140		0.255619
141		0.259427
142		0.260219
143		0.264064
144		0.264942
145		0.267043
146		0.267699
147		0.270221
148		0.271704
149		0.277936
150		0.27911
151		0.280038
152		0.280347
153		0.284377
154		0.287147
155		0.290299
156		0.290967
157		0.292562
158		0.294219
159		0.296691
160		0.299263
161		0.301179
162		0.302898
163		0.306014
164		0.307275
165		0.307905
166		0.312616
167		0.314174
168		0.316387
169		0.318167
170		0.319552
171		0.323434
172		0.325276
173		0.326167
174		0.328713
175		0.332645
176		0.333647
177		0.335476
178		0.336688
179		0.338963
180		0.341164
181		0.343228
182		0.345021
183		0.348149
184		0.348866
185		0.350202
186		0.351883
187		0.355827
188		0.359116
189		0.360278
190		0.360797
191		0.361205
192		0.36531
193		0.367226
194		0.369662
195		0.371356
196		0.372419
197		0.374657
198		0.377513
199		0.37781
200		0.378626
201		0.384288
202		0.385908
203		0.386699
204		0.388109
205		0.393598
206		0.393796
207		0.396034
208		0.397592
209		0.402314
210		0.402945
211		0.404317
212		0.405616
213		0.409448
214		0.411896
215		0.413096
216		0.413232
217		0.418301
218		0.418894
219		0.420773
220		0.423098
221		0.426584
222		0.428019
223		0.430133
224		0.432445
225		0.433558
226		0.436698
227		0.43875
228		0.440456
229		0.442447
230		0.444734
231		0.447516
232		0.44921
233		0.451522
234		0.453438
235		0.453686
236		0.456393
237		0.457518
238		0.459979
239		0.463428
240		0.465159
241		0.465617
242		0.467347
243		0.472256
244		0.473344
245		0.475483
246		0.47688
247		0.479464
248		0.480404
249		0.482889
250		0.484966
251		0.486808
252		0.490319
253		0.491803
254		0.493682
255		0.493929
256		0.495772
257		0.499543
258		0.500692
259		0.503326
260		0.504253
261		0.508209
262		0.510348
263		0.51182
264		0.512932
265		0.517618
266		0.518484
267		0.520153
268		0.522514
269		0.524307
270		0.526916
271		0.527559
272		0.531119
273		0.533691
274		0.53473
275		0.5363
276		0.537957
277		0.540269
278		0.542642
279		0.545029
280		0.545709
281		0.547439
282		0.550666
283		0.55372
284		0.556638
285		0.557133
286		0.561274
287		0.564069
288		0.564328
289		0.567283
290		0.571141
291		0.572983
292		0.574442
293		0.57459
294		0.577891
295		0.579239
296		0.583146
297		0.58547
298		0.586991
299		0.589476
300		0.594706
301		0.597908
302		0.599862
303		0.60111
304		0.605821
305		0.606352
306		0.608936
307		0.610717
308		0.61319
309		0.614315
310		0.61659
311		0.62203
312		0.623068
313		0.624441
314		0.626085
315		0.628755
316		0.631747
317		0.634022
318		0.636705
319		0.639722
320		0.640427
321		0.642108
322		0.643332
323		0.646176
324		0.647721
325		0.649081
326		0.651653
327		0.652172
328		0.65488
329		0.656784
330		0.657637
331		0.658972
332		0.661865
333		0.664796
334		0.666613
335		0.667293
336		0.670137
337		0.673191
338		0.675453
339		0.676356
340		0.681722
341		0.683675
342		0.688274
343		0.689449
344		0.690586
345		0.693121
346		0.696014
347		0.698487
348		0.698487
349		0.699958
350		0.700823
351		0.704866
352		0.706943
353		0.710034
354		0.711184
355		0.712631
356		0.720494
357		0.723696
358		0.724908
359		0.726985
360		0.73109
361		0.731906
362		0.735553
363		0.735825
364		0.737432
365		0.740684
366		0.741253
367		0.744232
368		0.746841
369		0.750204
370		0.751749
371		0.752664
372		0.754469
373		0.758982
374		0.759909
375		0.760454
376		0.762271
377		0.766079
378		0.767587
379		0.769306
380		0.770332
381		0.774412
382		0.775883
383		0.7778
384		0.779778
385		0.78073
386		0.782721
387		0.786393
388		0.787159
389		0.789607
390		0.790843
391		0.791165
392		0.794478
393		0.796963
394		0.798867
395		0.803046
396		0.804295
397		0.805989
398		0.808301
399		0.811998
400		0.814001
401		0.814569
402		0.816646
403		0.819614
404		0.820764
405		0.821827
406		0.824844
407		0.826809
408		0.827292
409		0.831656
410		0.832064
411		0.834141
412		0.836663
413		0.838666
414		0.840743
415		0.843191
416		0.84559
417		0.846431
418		0.8481
419		0.850931
420		0.853206
421		0.854949
422		0.856705
423		0.860031
424		0.862046
425		0.862986
426		0.865533
427		0.868302
428		0.87033
429		0.871838
430		0.873223
431		0.874138
432		0.877055
433		0.8787
434		0.880703
435		0.882211
436		0.883621
437		0.886007
438		0.887664
439		0.890717
440		0.892077
441		0.894933
442		0.897171
443		0.898667
444		0.899768
445		0.902574
446		0.906135
447		0.906963
448		0.910524
449		0.912045
450		0.913887
451		0.9161
452		0.917349
453		0.919352
454		0.922232
455		0.923963
456		0.925187
457		0.927796
458		0.929712
459		0.93064
460		0.934114
461		0.936104
462		0.937576
463		0.939059
464		0.940283
465		0.942867
466		0.94581
467		0.949457
468		0.950323
469		0.951201
470		0.953747
471		0.956838
472		0.957246
473		0.962093
474		0.962736
475		0.966
476		0.966544
477		0.969894
478		0.970785
479		0.974185
480		0.976324
481		0.976868
482		0.978228
483		0.979588
484		0.982839
485		0.985534
486		0.987315
487		0.98907
488		0.989837
489		0.991209
490		0.993423
491		0.993991
492		0.995017
493		0.99566
494		0.996081
495		0.997231
496		0.998492
497		0.998603
498		0.99953
499		1
500		1
501		1
502		1
503		1
504		1
505		1
506		1
507		1
508		1
509		1
510		1
511		1
512		1
513		1
514		1
515		1
516		1
517		1
518		1
519		1
520		1
521		1
522		1
523		1
524		1
525		1
526		1
527		1
528		1
529		1
530		1
531		1
532		1
533		1
534		1
535		1
536		1
537		1
538		1
539		1
540		1
541		1
542		1
543		1
544		1
545		1
546		1
547		1
548		1
549		1
550		1
551		1
552		1
553		1
554		1
555		1
556		1
557		1
558		1
559		1
560		1
561		1
562		1
563		1
564		1
565		1
566		1
567		1
568		1
569		1
570		1
571		1
572		1
573		1
574		1
575		1
576		1
577		1
578		1
579		1
580		1
581		1
582		1
583		1
584		1
585		1
586		1
587		1
588		1
589		1
590		1
591		1
592		1
593		1
594		1
595		1
596		1
597		1
598		1
599		1
600		1
