# Calibration file of tamex_id 1 @ channel 10
# fine_T bin		 Calibration value
1		0
2		0
3		0
4		0
5		0
6		0
7		0
8		0
9		0
10		0
11		0
12		0
13		0
14		0
15		0
16		0
17		0.00424562
18		0.00919258
19		0.00971859
20		0.0100442
21		0.0163062
22		0.0192368
23		0.0193746
24		0.0203765
25		0.0246221
26		0.0256991
27		0.0262502
28		0.0296191
29		0.0315729
30		0.0327376
31		0.0344784
32		0.0351798
33		0.0363946
34		0.040778
35		0.042331
36		0.0433078
37		0.0452741
38		0.0466517
39		0.0485428
40		0.052037
41		0.0540659
42		0.0557692
43		0.0566709
44		0.0583616
45		0.060666
46		0.0631959
47		0.0653375
48		0.0667151
49		0.0677421
50		0.0703971
51		0.073478
52		0.0743422
53		0.0767092
54		0.0774982
55		0.0797651
56		0.0804288
57		0.0836224
58		0.0848873
59		0.0885694
60		0.0892958
61		0.0904229
62		0.0920135
63		0.0931156
64		0.0982379
65		0.0992899
66		0.100642
67		0.102145
68		0.103673
69		0.105577
70		0.108583
71		0.110887
72		0.112878
73		0.114494
74		0.116911
75		0.117349
76		0.121232
77		0.121946
78		0.123662
79		0.125966
80		0.128245
81		0.128659
82		0.131439
83		0.132316
84		0.13472
85		0.137901
86		0.138941
87		0.140318
88		0.142172
89		0.142998
90		0.14484
91		0.148384
92		0.150588
93		0.153732
94		0.154283
95		0.155272
96		0.155861
97		0.158854
98		0.164214
99		0.164728
100		0.166105
101		0.167971
102		0.169912
103		0.171215
104		0.174121
105		0.176851
106		0.178779
107		0.180608
108		0.181447
109		0.183902
110		0.187108
111		0.18831
112		0.190038
113		0.191516
114		0.193645
115		0.196714
116		0.198605
117		0.200897
118		0.202312
119		0.20404
120		0.206695
121		0.208987
122		0.21153
123		0.212882
124		0.214986
125		0.21724
126		0.218405
127		0.221461
128		0.222238
129		0.222526
130		0.225331
131		0.229126
132		0.229376
133		0.231618
134		0.232394
135		0.234711
136		0.236815
137		0.238707
138		0.239733
139		0.243804
140		0.24443
141		0.246734
142		0.248964
143		0.251193
144		0.252996
145		0.253322
146		0.254775
147		0.257092
148		0.260761
149		0.264456
150		0.265433
151		0.266059
152		0.268764
153		0.271908
154		0.272997
155		0.274851
156		0.275539
157		0.279071
158		0.280173
159		0.280862
160		0.284256
161		0.288001
162		0.289679
163		0.290944
164		0.291883
165		0.296379
166		0.297832
167		0.298709
168		0.300374
169		0.30447
170		0.304921
171		0.306649
172		0.308866
173		0.311208
174		0.31246
175		0.315253
176		0.316142
177		0.318234
178		0.32159
179		0.322104
180		0.322993
181		0.326888
182		0.328979
183		0.330444
184		0.331897
185		0.334465
186		0.335166
187		0.339111
188		0.340564
189		0.341841
190		0.343983
191		0.345423
192		0.34923
193		0.349807
194		0.352098
195		0.35533
196		0.356119
197		0.356331
198		0.359275
199		0.361717
200		0.365624
201		0.36605
202		0.367127
203		0.369406
204		0.372162
205		0.374642
206		0.376683
207		0.378674
208		0.379413
209		0.382732
210		0.384936
211		0.386464
212		0.389182
213		0.39071
214		0.393578
215		0.395619
216		0.39592
217		0.399664
218		0.400453
219		0.402695
220		0.405325
221		0.407404
222		0.408782
223		0.410097
224		0.411562
225		0.414205
226		0.416634
227		0.417874
228		0.418488
229		0.422433
230		0.423109
231		0.425777
232		0.427355
233		0.428845
234		0.431625
235		0.432414
236		0.433805
237		0.436297
238		0.437537
239		0.440442
240		0.441595
241		0.443786
242		0.445327
243		0.448833
244		0.450311
245		0.452728
246		0.454043
247		0.455947
248		0.457926
249		0.459454
250		0.462722
251		0.464351
252		0.467331
253		0.469022
254		0.470888
255		0.472529
256		0.47477
257		0.477826
258		0.479066
259		0.479955
260		0.482122
261		0.483487
262		0.485942
263		0.489173
264		0.490764
265		0.492129
266		0.493293
267		0.496249
268		0.498065
269		0.500532
270		0.501634
271		0.504051
272		0.506481
273		0.507959
274		0.509161
275		0.511679
276		0.51387
277		0.51486
278		0.517878
279		0.519569
280		0.519982
281		0.521698
282		0.524378
283		0.526382
284		0.528586
285		0.530552
286		0.533107
287		0.536664
288		0.539068
289		0.539632
290		0.54141
291		0.54369
292		0.547572
293		0.549113
294		0.549764
295		0.55049
296		0.55183
297		0.552369
298		0.553922
299		0.556214
300		0.557904
301		0.559933
302		0.560722
303		0.562902
304		0.563841
305		0.566884
306		0.568963
307		0.570541
308		0.57267
309		0.574712
310		0.575726
311		0.580297
312		0.581086
313		0.581863
314		0.584292
315		0.585695
316		0.587386
317		0.590492
318		0.591594
319		0.595301
320		0.596115
321		0.597718
322		0.599997
323		0.602452
324		0.603316
325		0.604882
326		0.607074
327		0.608789
328		0.61172
329		0.61192
330		0.612822
331		0.617894
332		0.61837
333		0.6208
334		0.621977
335		0.62338
336		0.626699
337		0.628427
338		0.63023
339		0.631696
340		0.632748
341		0.636217
342		0.637419
343		0.640237
344		0.64452
345		0.645522
346		0.646837
347		0.649279
348		0.652723
349		0.654502
350		0.656781
351		0.656981
352		0.660175
353		0.662993
354		0.663081
355		0.663243
356		0.665535
357		0.665911
358		0.666212
359		0.670532
360		0.67082
361		0.672323
362		0.674866
363		0.67563
364		0.676243
365		0.679687
366		0.680739
367		0.681954
368		0.685198
369		0.687252
370		0.688867
371		0.691523
372		0.692224
373		0.694879
374		0.696557
375		0.697446
376		0.70064
377		0.70173
378		0.702606
379		0.705562
380		0.707691
381		0.708956
382		0.710584
383		0.714003
384		0.715594
385		0.717773
386		0.718386
387		0.720791
388		0.723997
389		0.725337
390		0.72684
391		0.729407
392		0.731073
393		0.731649
394		0.734442
395		0.737172
396		0.739114
397		0.739878
398		0.743109
399		0.745714
400		0.74654
401		0.74927
402		0.750335
403		0.753529
404		0.75428
405		0.755495
406		0.757636
407		0.762158
408		0.762972
409		0.764687
410		0.765063
411		0.770499
412		0.770949
413		0.772615
414		0.773943
415		0.774669
416		0.779052
417		0.780543
418		0.781081
419		0.783235
420		0.783924
421		0.787093
422		0.789785
423		0.7907
424		0.793956
425		0.79452
426		0.797475
427		0.798064
428		0.800569
429		0.803249
430		0.80544
431		0.806392
432		0.807595
433		0.812278
434		0.812767
435		0.815672
436		0.817426
437		0.818691
438		0.821383
439		0.823212
440		0.825729
441		0.827958
442		0.829223
443		0.830476
444		0.831352
445		0.835298
446		0.837978
447		0.838955
448		0.840883
449		0.841985
450		0.844164
451		0.845317
452		0.84712
453		0.850401
454		0.850915
455		0.853257
456		0.855386
457		0.857265
458		0.860922
459		0.861999
460		0.863026
461		0.865593
462		0.868073
463		0.871103
464		0.87168
465		0.87307
466		0.873233
467		0.877603
468		0.879257
469		0.881273
470		0.882125
471		0.884629
472		0.887923
473		0.889
474		0.89004
475		0.892908
476		0.893521
477		0.895475
478		0.899658
479		0.900973
480		0.901963
481		0.905093
482		0.906596
483		0.907774
484		0.910955
485		0.911994
486		0.915551
487		0.91748
488		0.917617
489		0.92036
490		0.921487
491		0.924531
492		0.927612
493		0.928902
494		0.929665
495		0.932771
496		0.933385
497		0.938194
498		0.939372
499		0.939647
500		0.940549
501		0.945947
502		0.946999
503		0.948063
504		0.948339
505		0.952922
506		0.954688
507		0.956404
508		0.95683
509		0.961364
510		0.962666
511		0.963956
512		0.965033
513		0.969316
514		0.970694
515		0.97142
516		0.973286
517		0.975466
518		0.978071
519		0.979273
520		0.980638
521		0.984157
522		0.986386
523		0.987025
524		0.990131
525		0.99196
526		0.992648
527		0.99454
528		0.99474
529		0.995091
530		0.996831
531		0.997032
532		0.998222
533		1
534		1
535		1
536		1
537		1
538		1
539		1
540		1
541		1
542		1
543		1
544		1
545		1
546		1
547		1
548		1
549		1
550		1
551		1
552		1
553		1
554		1
555		1
556		1
557		1
558		1
559		1
560		1
561		1
562		1
563		1
564		1
565		1
566		1
567		1
568		1
569		1
570		1
571		1
572		1
573		1
574		1
575		1
576		1
577		1
578		1
579		1
580		1
581		1
582		1
583		1
584		1
585		1
586		1
587		1
588		1
589		1
590		1
591		1
592		1
593		1
594		1
595		1
596		1
597		1
598		1
599		1
600		1
