# Calibration file of tamex_id 0 @ channel 7
# fine_T bin		 Calibration value
1		0
2		0
3		0
4		0
5		0
6		0
7		0
8		0
9		0
10		0
11		0
12		0
13		0
14		0
15		0
16		0
17		0.00192207
18		0.00734711
19		0.0102446
20		0.01073
21		0.0140984
22		0.0174043
23		0.0183846
24		0.020052
25		0.021532
26		0.0253185
27		0.0265774
28		0.0272213
29		0.0285187
30		0.0312769
31		0.0351787
32		0.0359475
33		0.0365193
34		0.0383933
35		0.0433571
36		0.0439001
37		0.0446353
38		0.0466582
39		0.0512904
40		0.0517517
41		0.0545724
42		0.0561004
43		0.0572344
44		0.0585655
45		0.0617897
46		0.0625393
47		0.0659318
48		0.0678491
49		0.0688149
50		0.069233
51		0.0719671
52		0.0744129
53		0.0772143
54		0.0795785
55		0.0804098
56		0.0812939
57		0.0839752
58		0.0861568
59		0.0892946
60		0.0916923
61		0.0937057
62		0.0953971
63		0.0966417
64		0.0994191
65		0.10173
66		0.102134
67		0.105464
68		0.105666
69		0.108496
70		0.111451
71		0.112576
72		0.114099
73		0.117126
74		0.120379
75		0.1211
76		0.121542
77		0.124589
78		0.126054
79		0.129672
80		0.131638
81		0.134031
82		0.13628
83		0.136448
84		0.138504
85		0.140965
86		0.145741
87		0.148196
88		0.148739
89		0.14909
90		0.151286
91		0.155154
92		0.157033
93		0.157773
94		0.160195
95		0.162881
96		0.163174
97		0.166759
98		0.168138
99		0.171862
100		0.172751
101		0.173558
102		0.173957
103		0.179733
104		0.180737
105		0.182899
106		0.183308
107		0.185672
108		0.18745
109		0.190804
110		0.191433
111		0.192635
112		0.196267
113		0.198055
114		0.200654
115		0.20139
116		0.203917
117		0.205551
118		0.209558
119		0.210236
120		0.21136
121		0.215046
122		0.21545
123		0.216463
124		0.220332
125		0.224123
126		0.225142
127		0.225853
128		0.227304
129		0.2306
130		0.232667
131		0.235968
132		0.236885
133		0.238865
134		0.240018
135		0.242464
136		0.244218
137		0.247697
138		0.249071
139		0.249614
140		0.252839
141		0.25454
142		0.256937
143		0.257442
144		0.259729
145		0.261988
146		0.263545
147		0.265145
148		0.269085
149		0.270916
150		0.271704
151		0.274438
152		0.276129
153		0.278123
154		0.281612
155		0.283116
156		0.284231
157		0.285605
158		0.288983
159		0.290809
160		0.29288
161		0.295129
162		0.295441
163		0.299458
164		0.302164
165		0.303404
166		0.304879
167		0.306998
168		0.31028
169		0.310789
170		0.313542
171		0.315513
172		0.317218
173		0.31854
174		0.321678
175		0.323292
176		0.326723
177		0.327069
178		0.32829
179		0.330606
180		0.332422
181		0.335041
182		0.338183
183		0.340596
184		0.341436
185		0.344243
186		0.346083
187		0.348154
188		0.351104
189		0.352762
190		0.354756
191		0.355708
192		0.357015
193		0.360614
194		0.362738
195		0.363324
196		0.366068
197		0.368687
198		0.369547
199		0.37132
200		0.373227
201		0.373871
202		0.378763
203		0.380152
204		0.380959
205		0.38439
206		0.385495
207		0.387917
208		0.390939
209		0.392496
210		0.394481
211		0.395778
212		0.397316
213		0.400088
214		0.402217
215		0.405398
216		0.407373
217		0.40756
218		0.411395
219		0.413509
220		0.415431
221		0.41646
222		0.419588
223		0.42114
224		0.422812
225		0.424532
226		0.42668
227		0.428708
228		0.430909
229		0.433335
230		0.434296
231		0.436238
232		0.440418
233		0.44136
234		0.443691
235		0.445512
236		0.446997
237		0.449635
238		0.451249
239		0.45307
240		0.455117
241		0.458039
242		0.459716
243		0.461181
244		0.463776
245		0.465477
246		0.468596
247		0.469768
248		0.470518
249		0.473454
250		0.475506
251		0.47625
252		0.479691
253		0.482608
254		0.484607
255		0.48502
256		0.485774
257		0.488725
258		0.491853
259		0.49376
260		0.496062
261		0.498436
262		0.499166
263		0.501828
264		0.503722
265		0.506975
266		0.508599
267		0.509944
268		0.512049
269		0.514216
270		0.515562
271		0.520501
272		0.521039
273		0.522236
274		0.523702
275		0.526662
276		0.528944
277		0.531178
278		0.532678
279		0.535042
280		0.536224
281		0.539006
282		0.540236
283		0.543162
284		0.546584
285		0.550615
286		0.552595
287		0.554825
288		0.555459
289		0.556564
290		0.561605
291		0.562047
292		0.564473
293		0.56605
294		0.566309
295		0.57147
296		0.574199
297		0.577611
298		0.580763
299		0.583785
300		0.58553
301		0.58923
302		0.590974
303		0.593016
304		0.596471
305		0.597778
306		0.598835
307		0.60068
308		0.602713
309		0.607403
310		0.608739
311		0.609392
312		0.6118
313		0.613731
314		0.616883
315		0.61845
316		0.61967
317		0.621751
318		0.623899
319		0.625384
320		0.630112
321		0.630703
322		0.632313
323		0.633879
324		0.635725
325		0.638987
326		0.640967
327		0.641928
328		0.644086
329		0.645575
330		0.650207
331		0.651183
332		0.651548
333		0.652769
334		0.656872
335		0.659025
336		0.661264
337		0.663023
338		0.664868
339		0.666852
340		0.670514
341		0.672215
342		0.674978
343		0.678169
344		0.680206
345		0.684723
346		0.685843
347		0.687001
348		0.689994
349		0.691806
350		0.694228
351		0.694535
352		0.695366
353		0.69835
354		0.699902
355		0.703968
356		0.705481
357		0.707331
358		0.711281
359		0.714899
360		0.717379
361		0.720925
362		0.721487
363		0.724005
364		0.725106
365		0.729565
366		0.73092
367		0.731751
368		0.732659
369		0.736311
370		0.73744
371		0.740857
372		0.742202
373		0.74548
374		0.745869
375		0.747964
376		0.750813
377		0.753105
378		0.755767
379		0.756738
380		0.7583
381		0.759991
382		0.762898
383		0.765431
384		0.767036
385		0.76815
386		0.770418
387		0.773028
388		0.774935
389		0.775891
390		0.779197
391		0.78038
392		0.782311
393		0.783907
394		0.784642
395		0.788246
396		0.790384
397		0.792056
398		0.795127
399		0.796804
400		0.798658
401		0.799864
402		0.802123
403		0.804391
404		0.806952
405		0.810037
406		0.811161
407		0.812396
408		0.815159
409		0.815481
410		0.820397
411		0.821022
412		0.823122
413		0.82476
414		0.825678
415		0.827518
416		0.830594
417		0.832026
418		0.835317
419		0.836634
420		0.837508
421		0.840137
422		0.840752
423		0.843635
424		0.847027
425		0.848301
426		0.850155
427		0.851491
428		0.853567
429		0.855369
430		0.857541
431		0.859381
432		0.860818
433		0.861457
434		0.863788
435		0.8667
436		0.868574
437		0.871707
438		0.872331
439		0.876733
440		0.878049
441		0.879962
442		0.880486
443		0.883897
444		0.885473
445		0.887391
446		0.888655
447		0.892133
448		0.893143
449		0.895108
450		0.896386
451		0.899615
452		0.902527
453		0.903378
454		0.907995
455		0.908615
456		0.910114
457		0.912459
458		0.914401
459		0.915242
460		0.919028
461		0.919965
462		0.921503
463		0.922329
464		0.925135
465		0.927283
466		0.931276
467		0.931608
468		0.931988
469		0.936346
470		0.938431
471		0.939479
472		0.941747
473		0.944375
474		0.945663
475		0.94759
476		0.95031
477		0.951963
478		0.952823
479		0.954812
480		0.955735
481		0.958786
482		0.962904
483		0.963106
484		0.963711
485		0.968209
486		0.968963
487		0.970525
488		0.973869
489		0.976743
490		0.978579
491		0.97952
492		0.982379
493		0.98583
494		0.987137
495		0.988371
496		0.990764
497		0.991634
498		0.992163
499		0.99407
500		0.994561
501		0.995531
502		0.997405
503		0.998261
504		0.99851
505		0.999928
506		0.999995
507		1
508		1
509		1
510		1
511		1
512		1
513		1
514		1
515		1
516		1
517		1
518		1
519		1
520		1
521		1
522		1
523		1
524		1
525		1
526		1
527		1
528		1
529		1
530		1
531		1
532		1
533		1
534		1
535		1
536		1
537		1
538		1
539		1
540		1
541		1
542		1
543		1
544		1
545		1
546		1
547		1
548		1
549		1
550		1
551		1
552		1
553		1
554		1
555		1
556		1
557		1
558		1
559		1
560		1
561		1
562		1
563		1
564		1
565		1
566		1
567		1
568		1
569		1
570		1
571		1
572		1
573		1
574		1
575		1
576		1
577		1
578		1
579		1
580		1
581		1
582		1
583		1
584		1
585		1
586		1
587		1
588		1
589		1
590		1
591		1
592		1
593		1
594		1
595		1
596		1
597		1
598		1
599		1
600		1
