# Calibration file of tamex_id 1 @ channel 4
# fine_T bin		 Calibration value
1		0
2		0
3		0
4		0
5		0
6		0
7		0
8		0
9		0
10		0
11		0
12		0
13		0
14		0
15		0
16		0
17		0.00251498
18		0.00737104
19		0.0088292
20		0.0100198
21		0.0149561
22		0.0168156
23		0.0181667
24		0.0189961
25		0.0220195
26		0.0242268
27		0.0267551
28		0.0271832
29		0.0291363
30		0.0320259
31		0.0332165
32		0.0354639
33		0.0356111
34		0.0373635
35		0.0415775
36		0.0432229
37		0.0442931
38		0.046661
39		0.0490957
40		0.049604
41		0.0528013
42		0.0546741
43		0.0562527
44		0.0580185
45		0.0594767
46		0.0603462
47		0.0655233
48		0.067142
49		0.0676102
50		0.0690416
51		0.0705265
52		0.0726001
53		0.0754495
54		0.0784728
55		0.0799577
56		0.0805062
57		0.0815497
58		0.0826332
59		0.0890277
60		0.0895628
61		0.0909808
62		0.0925059
63		0.0945393
64		0.0983385
65		0.101215
66		0.103409
67		0.104586
68		0.105629
69		0.106753
70		0.109857
71		0.111342
72		0.114137
73		0.116893
74		0.117642
75		0.119114
76		0.122472
77		0.124278
78		0.125174
79		0.127314
80		0.129762
81		0.133883
82		0.134311
83		0.135354
84		0.137388
85		0.142043
86		0.144157
87		0.144304
88		0.144692
89		0.147046
90		0.150243
91		0.152063
92		0.154926
93		0.156932
94		0.158283
95		0.160584
96		0.162644
97		0.164236
98		0.166925
99		0.169159
100		0.169761
101		0.170457
102		0.173507
103		0.175273
104		0.179955
105		0.18041
106		0.181547
107		0.184276
108		0.186711
109		0.187915
110		0.191259
111		0.193078
112		0.195018
113		0.195794
114		0.197225
115		0.202389
116		0.203607
117		0.205105
118		0.207245
119		0.209439
120		0.211539
121		0.212931
122		0.215553
123		0.216891
124		0.220208
125		0.222001
126		0.222696
127		0.225466
128		0.228823
129		0.229599
130		0.232475
131		0.234107
132		0.236823
133		0.238642
134		0.239432
135		0.241425
136		0.242388
137		0.246508
138		0.248876
139		0.25004
140		0.250722
141		0.254736
142		0.25519
143		0.258307
144		0.260729
145		0.261705
146		0.264648
147		0.264889
148		0.266668
149		0.271765
150		0.273411
151		0.274682
152		0.27634
153		0.277611
154		0.282347
155		0.283243
156		0.284461
157		0.286548
158		0.288166
159		0.29032
160		0.294253
161		0.295323
162		0.296407
163		0.29927
164		0.300433
165		0.302239
166		0.304032
167		0.307216
168		0.308821
169		0.31052
170		0.312286
171		0.316058
172		0.316674
173		0.318507
174		0.319777
175		0.324138
176		0.326841
177		0.327255
178		0.328085
179		0.329784
180		0.334252
181		0.334948
182		0.337583
183		0.338426
184		0.340365
185		0.342466
186		0.344285
187		0.345288
188		0.349462
189		0.353221
190		0.353462
191		0.354024
192		0.356472
193		0.359549
194		0.361903
195		0.363897
196		0.365034
197		0.367361
198		0.369301
199		0.371495
200		0.37203
201		0.37401
202		0.379294
203		0.379963
204		0.381261
205		0.384231
206		0.38522
207		0.387107
208		0.390077
209		0.391923
210		0.393608
211		0.394531
212		0.396364
213		0.400257
214		0.40225
215		0.404471
216		0.405875
217		0.409354
218		0.410785
219		0.412845
220		0.414143
221		0.41647
222		0.418985
223		0.419628
224		0.42134
225		0.422865
226		0.425193
227		0.429781
228		0.430718
229		0.431413
230		0.433112
231		0.436764
232		0.43841
233		0.439721
234		0.44249
235		0.444751
236		0.447159
237		0.449045
238		0.450222
239		0.454984
240		0.456576
241		0.458864
242		0.459265
243		0.460978
244		0.462168
245		0.467131
246		0.467947
247		0.471747
248		0.472255
249		0.473472
250		0.476924
251		0.47794
252		0.48091
253		0.482837
254		0.484669
255		0.486368
256		0.487853
257		0.490435
258		0.493833
259		0.494876
260		0.497485
261		0.500669
262		0.501846
263		0.502729
264		0.503465
265		0.507077
266		0.511063
267		0.512615
268		0.512883
269		0.514381
270		0.517016
271		0.520053
272		0.523959
273		0.525672
274		0.526167
275		0.528869
276		0.530675
277		0.531986
278		0.534675
279		0.537457
280		0.53945
281		0.540026
282		0.540842
283		0.547049
284		0.548494
285		0.550928
286		0.555811
287		0.556641
288		0.557122
289		0.558808
290		0.563584
291		0.564065
292		0.565992
293		0.566567
294		0.567891
295		0.571878
296		0.573804
297		0.576653
298		0.581001
299		0.583155
300		0.587489
301		0.59074
302		0.592198
303		0.593844
304		0.597081
305		0.597964
306		0.598499
307		0.603061
308		0.60492
309		0.605843
310		0.607181
311		0.610017
312		0.611836
313		0.615796
314		0.617067
315		0.6189
316		0.621776
317		0.622351
318		0.624398
319		0.626378
320		0.627609
321		0.630953
322		0.632411
323		0.634552
324		0.63609
325		0.639782
326		0.641735
327		0.642484
328		0.64405
329		0.647033
330		0.647983
331		0.651086
332		0.652531
333		0.654912
334		0.656625
335		0.65922
336		0.659889
337		0.662979
338		0.665333
339		0.666417
340		0.670377
341		0.672691
342		0.676584
343		0.679259
344		0.68148
345		0.682657
346		0.683861
347		0.68746
348		0.689386
349		0.690604
350		0.691741
351		0.692811
352		0.694403
353		0.698844
354		0.700744
355		0.703259
356		0.705493
357		0.710536
358		0.713105
359		0.715138
360		0.717693
361		0.722656
362		0.723606
363		0.72568
364		0.728074
365		0.729773
366		0.732047
367		0.733479
368		0.734522
369		0.737933
370		0.739739
371		0.742482
372		0.743565
373		0.745719
374		0.74695
375		0.750254
376		0.752609
377		0.755043
378		0.75709
379		0.758321
380		0.759511
381		0.7622
382		0.763645
383		0.765786
384		0.76905
385		0.77028
386		0.771698
387		0.7742
388		0.776167
389		0.777397
390		0.77915
391		0.782293
392		0.784233
393		0.785825
394		0.787966
395		0.790226
396		0.791404
397		0.793638
398		0.796273
399		0.799163
400		0.801129
401		0.801932
402		0.804607
403		0.805865
404		0.808768
405		0.809918
406		0.810707
407		0.81242
408		0.815724
409		0.81761
410		0.819711
411		0.820995
412		0.822212
413		0.82466
414		0.826841
415		0.827349
416		0.830292
417		0.833744
418		0.834787
419		0.836553
420		0.839095
421		0.841543
422		0.843456
423		0.845583
424		0.846907
425		0.849569
426		0.851415
427		0.853636
428		0.855388
429		0.856592
430		0.861221
431		0.861729
432		0.863816
433		0.86403
434		0.866251
435		0.869408
436		0.871615
437		0.873702
438		0.874625
439		0.877756
440		0.878973
441		0.88217
442		0.883254
443		0.88716
444		0.887562
445		0.890357
446		0.89124
447		0.894571
448		0.895668
449		0.897902
450		0.898825
451		0.901889
452		0.903896
453		0.905835
454		0.906304
455		0.90815
456		0.913086
457		0.914129
458		0.915467
459		0.916992
460		0.918557
461		0.922036
462		0.924831
463		0.925848
464		0.927547
465		0.927775
466		0.932269
467		0.934664
468		0.935935
469		0.937794
470		0.939212
471		0.94063
472		0.942731
473		0.946008
474		0.946704
475		0.949486
476		0.950557
477		0.952643
478		0.954824
479		0.955573
480		0.95766
481		0.961459
482		0.964135
483		0.965486
484		0.96665
485		0.969218
486		0.970288
487		0.972081
488		0.97588
489		0.977405
490		0.978569
491		0.979037
492		0.981405
493		0.984883
494		0.986556
495		0.988375
496		0.989512
497		0.990355
498		0.991719
499		0.991987
500		0.99406
501		0.995144
502		0.995411
503		0.995733
504		0.997057
505		0.998783
506		0.999264
507		0.999358
508		0.999839
509		1
510		1
511		1
512		1
513		1
514		1
515		1
516		1
517		1
518		1
519		1
520		1
521		1
522		1
523		1
524		1
525		1
526		1
527		1
528		1
529		1
530		1
531		1
532		1
533		1
534		1
535		1
536		1
537		1
538		1
539		1
540		1
541		1
542		1
543		1
544		1
545		1
546		1
547		1
548		1
549		1
550		1
551		1
552		1
553		1
554		1
555		1
556		1
557		1
558		1
559		1
560		1
561		1
562		1
563		1
564		1
565		1
566		1
567		1
568		1
569		1
570		1
571		1
572		1
573		1
574		1
575		1
576		1
577		1
578		1
579		1
580		1
581		1
582		1
583		1
584		1
585		1
586		1
587		1
588		1
589		1
590		1
591		1
592		1
593		1
594		1
595		1
596		1
597		1
598		1
599		1
600		1
