# Calibration file of tamex_id 2 @ channel 15
# fine_T bin		 Calibration value
1		0
2		0
3		0
4		0
5		0
6		0
7		0
8		0
9		0
10		0
11		0
12		0
13		0
14		0
15		0
16		0
17		0.00123646
18		0.00710963
19		0.00856246
20		0.00978347
21		0.0149766
22		0.0173877
23		0.0182377
24		0.0204634
25		0.0230754
26		0.0246519
27		0.0268311
28		0.0292422
29		0.0308496
30		0.0314987
31		0.0343426
32		0.0351308
33		0.0378201
34		0.0410813
35		0.0430287
36		0.0449298
37		0.0454707
38		0.0485773
39		0.050602
40		0.0530749
41		0.054775
42		0.0561506
43		0.0592263
44		0.0600609
45		0.0614055
46		0.0643421
47		0.0688397
48		0.0692107
49		0.0704471
50		0.0720545
51		0.0763358
52		0.0777731
53		0.0792414
54		0.0805861
55		0.0834145
56		0.0855783
57		0.0870002
58		0.089705
59		0.091776
60		0.0928425
61		0.0937389
62		0.0959645
63		0.0987002
64		0.10227
65		0.103414
66		0.105532
67		0.107448
68		0.108685
69		0.112997
70		0.114836
71		0.115856
72		0.117494
73		0.122007
74		0.123197
75		0.124635
76		0.126443
77		0.130338
78		0.132996
79		0.134109
80		0.134511
81		0.138205
82		0.140832
83		0.141605
84		0.144356
85		0.147432
86		0.148514
87		0.149426
88		0.15125
89		0.155964
90		0.156427
91		0.158359
92		0.159843
93		0.164526
94		0.165283
95		0.165979
96		0.167262
97		0.170538
98		0.173367
99		0.175129
100		0.176504
101		0.179564
102		0.180167
103		0.182424
104		0.186056
105		0.188251
106		0.189982
107		0.191713
108		0.194247
109		0.195638
110		0.19856
111		0.201249
112		0.201852
113		0.202408
114		0.207323
115		0.210661
116		0.212021
117		0.212933
118		0.213335
119		0.219657
120		0.220769
121		0.221202
122		0.221975
123		0.228003
124		0.228482
125		0.230105
126		0.230939
127		0.234973
128		0.235452
129		0.237755
130		0.240336
131		0.240615
132		0.243829
133		0.244648
134		0.246055
135		0.249872
136		0.250274
137		0.254679
138		0.255267
139		0.257569
140		0.260707
141		0.262283
142		0.264648
143		0.265715
144		0.268048
145		0.269548
146		0.272221
147		0.273381
148		0.274293
149		0.278496
150		0.279903
151		0.281356
152		0.283272
153		0.286101
154		0.290382
155		0.291479
156		0.292747
157		0.295281
158		0.297059
159		0.299563
160		0.301093
161		0.304802
162		0.306193
163		0.308125
164		0.310413
165		0.311649
166		0.314895
167		0.315528
168		0.320428
169		0.321865
170		0.322437
171		0.324663
172		0.325544
173		0.328388
174		0.33151
175		0.333581
176		0.335559
177		0.336749
178		0.338372
179		0.34188
180		0.343519
181		0.344971
182		0.34797
183		0.35086
184		0.353117
185		0.354446
186		0.35542
187		0.358712
188		0.359979
189		0.36188
190		0.362174
191		0.36715
192		0.368789
193		0.369793
194		0.372591
195		0.3746
196		0.376517
197		0.377398
198		0.378897
199		0.380581
200		0.383549
201		0.3863
202		0.387598
203		0.389237
204		0.3914
205		0.394074
206		0.396995
207		0.399607
208		0.401045
209		0.40443
210		0.405372
211		0.407304
212		0.40987
213		0.413518
214		0.414878
215		0.416052
216		0.417273
217		0.421678
218		0.422837
219		0.423456
220		0.425619
221		0.428123
222		0.430163
223		0.433394
224		0.43429
225		0.437644
226		0.438231
227		0.439019
228		0.440302
229		0.444058
230		0.447242
231		0.448494
232		0.450024
233		0.45157
234		0.453285
235		0.4565
236		0.457999
237		0.459885
238		0.461647
239		0.465016
240		0.466144
241		0.469745
242		0.470966
243		0.473068
244		0.474939
245		0.476484
246		0.478493
247		0.481847
248		0.484011
249		0.484815
250		0.485897
251		0.49143
252		0.493099
253		0.493331
254		0.495773
255		0.498941
256		0.500039
257		0.503779
258		0.505819
259		0.508354
260		0.509513
261		0.510348
262		0.511677
263		0.516762
264		0.518771
265		0.520966
266		0.521646
267		0.524675
268		0.526993
269		0.528199
270		0.529451
271		0.532604
272		0.535092
273		0.537581
274		0.538601
275		0.539914
276		0.541398
277		0.543655
278		0.547534
279		0.548786
280		0.550702
281		0.552665
282		0.554165
283		0.555973
284		0.557951
285		0.562912
286		0.563453
287		0.566854
288		0.569342
289		0.570656
290		0.572943
291		0.574427
292		0.579249
293		0.581197
294		0.581629
295		0.582433
296		0.583051
297		0.584782
298		0.587332
299		0.589496
300		0.590563
301		0.592742
302		0.593932
303		0.596127
304		0.597688
305		0.599372
306		0.601567
307		0.605277
308		0.607301
309		0.608615
310		0.610006
311		0.612448
312		0.615076
313		0.618105
314		0.618692
315		0.621752
316		0.623112
317		0.626312
318		0.627471
319		0.630964
320		0.63268
321		0.634349
322		0.636358
323		0.63829
324		0.640686
325		0.643669
326		0.64509
327		0.647007
328		0.649063
329		0.65169
330		0.653236
331		0.653978
332		0.657656
333		0.659217
334		0.662602
335		0.663375
336		0.666636
337		0.668212
338		0.670685
339		0.673143
340		0.674518
341		0.677841
342		0.680345
343		0.682741
344		0.686527
345		0.688397
346		0.691396
347		0.693513
348		0.695105
349		0.696867
350		0.700824
351		0.702663
352		0.704595
353		0.706218
354		0.706403
355		0.706882
356		0.709371
357		0.711921
358		0.713698
359		0.714116
360		0.715955
361		0.718381
362		0.719479
363		0.722524
364		0.724502
365		0.727269
366		0.728783
367		0.732013
368		0.73308
369		0.735475
370		0.738675
371		0.740406
372		0.742137
373		0.743018
374		0.745553
375		0.747825
376		0.749587
377		0.75056
378		0.753296
379		0.756032
380		0.758195
381		0.760313
382		0.761673
383		0.765305
384		0.765954
385		0.766711
386		0.769555
387		0.773388
388		0.776387
389		0.777546
390		0.777824
391		0.779988
392		0.784501
393		0.786448
394		0.787994
395		0.790204
396		0.790946
397		0.793574
398		0.795274
399		0.796866
400		0.799709
401		0.802924
402		0.804269
403		0.805304
404		0.806804
405		0.81144
406		0.81365
407		0.814346
408		0.816324
409		0.819663
410		0.821363
411		0.822476
412		0.82501
413		0.827545
414		0.829554
415		0.831316
416		0.831703
417		0.835057
418		0.836819
419		0.838905
420		0.839925
421		0.84382
422		0.845783
423		0.848225
424		0.848982
425		0.850667
426		0.852769
427		0.854995
428		0.855984
429		0.858936
430		0.860033
431		0.866787
432		0.868441
433		0.869384
434		0.869616
435		0.87385
436		0.876478
437		0.877483
438		0.881347
439		0.88249
440		0.884237
441		0.885087
442		0.886169
443		0.891532
444		0.89317
445		0.894113
446		0.896215
447		0.896926
448		0.901114
449		0.903
450		0.905411
451		0.906709
452		0.907853
453		0.911516
454		0.912397
455		0.915395
456		0.916956
457		0.919646
458		0.922474
459		0.924236
460		0.924916
461		0.928332
462		0.929862
463		0.932381
464		0.934591
465		0.936601
466		0.938347
467		0.940743
468		0.942319
469		0.94575
470		0.947621
471		0.948393
472		0.950094
473		0.952103
474		0.955766
475		0.956662
476		0.960572
477		0.963184
478		0.964436
479		0.966167
480		0.967497
481		0.971268
482		0.973354
483		0.974946
484		0.976971
485		0.979583
486		0.9815
487		0.98286
488		0.985085
489		0.987496
490		0.989057
491		0.991314
492		0.993478
493		0.99575
494		0.99864
495		0.99932
496		0.999969
497		1
498		1
499		1
500		1
501		1
502		1
503		1
504		1
505		1
506		1
507		1
508		1
509		1
510		1
511		1
512		1
513		1
514		1
515		1
516		1
517		1
518		1
519		1
520		1
521		1
522		1
523		1
524		1
525		1
526		1
527		1
528		1
529		1
530		1
531		1
532		1
533		1
534		1
535		1
536		1
537		1
538		1
539		1
540		1
541		1
542		1
543		1
544		1
545		1
546		1
547		1
548		1
549		1
550		1
551		1
552		1
553		1
554		1
555		1
556		1
557		1
558		1
559		1
560		1
561		1
562		1
563		1
564		1
565		1
566		1
567		1
568		1
569		1
570		1
571		1
572		1
573		1
574		1
575		1
576		1
577		1
578		1
579		1
580		1
581		1
582		1
583		1
584		1
585		1
586		1
587		1
588		1
589		1
590		1
591		1
592		1
593		1
594		1
595		1
596		1
597		1
598		1
599		1
600		1
