# Calibration file of tamex_id 1 @ channel 14
# fine_T bin		 Calibration value
1		0
2		0
3		0
4		0
5		0
6		0
7		0
8		0
9		0
10		0
11		0
12		0
13		0
14		0
15		0
16		0
17		0.000179771
18		0.00514915
19		0.0091041
20		0.0097975
21		0.0130591
22		0.0155116
23		0.0183238
24		0.0185164
25		0.0232803
26		0.0241021
27		0.0268115
28		0.029431
29		0.0299832
30		0.0336556
31		0.0362238
32		0.03693
33		0.0373281
34		0.0393698
35		0.0430037
36		0.0461882
37		0.0471128
38		0.0481657
39		0.0501432
40		0.0527498
41		0.0536872
42		0.0560884
43		0.0577192
44		0.0600691
45		0.061289
46		0.0619824
47		0.0666307
48		0.0685825
49		0.0697767
50		0.0710479
51		0.0740527
52		0.0763897
53		0.0771858
54		0.0795228
55		0.0815645
56		0.0831953
57		0.0863798
58		0.0869576
59		0.0907585
60		0.0918885
61		0.0945337
62		0.0960232
63		0.0967551
64		0.100466
65		0.104164
66		0.10523
67		0.106411
68		0.10654
69		0.113538
70		0.114219
71		0.115156
72		0.115477
73		0.121114
74		0.121679
75		0.123734
76		0.124222
77		0.129294
78		0.130603
79		0.132067
80		0.132696
81		0.136767
82		0.137691
83		0.138603
84		0.140131
85		0.14216
86		0.14641
87		0.147694
88		0.148401
89		0.150147
90		0.152009
91		0.153434
92		0.158057
93		0.15979
94		0.16015
95		0.163784
96		0.164285
97		0.165492
98		0.169139
99		0.172079
100		0.173119
101		0.173723
102		0.174467
103		0.180567
104		0.181697
105		0.182326
106		0.182544
107		0.186345
108		0.190082
109		0.191867
110		0.192316
111		0.193947
112		0.19726
113		0.199289
114		0.200162
115		0.203115
116		0.204772
117		0.205324
118		0.209484
119		0.21159
120		0.213285
121		0.214377
122		0.215057
123		0.219911
124		0.220425
125		0.223712
126		0.224611
127		0.225946
128		0.229285
129		0.230826
130		0.233368
131		0.235089
132		0.238145
133		0.239596
134		0.241753
135		0.242164
136		0.24427
137		0.249791
138		0.2501
139		0.250665
140		0.251846
141		0.255018
142		0.256892
143		0.259512
144		0.26059
145		0.262658
146		0.263711
147		0.265123
148		0.267088
149		0.271877
150		0.273483
151		0.274266
152		0.275499
153		0.279184
154		0.282869
155		0.283498
156		0.285861
157		0.288031
158		0.28893
159		0.293052
160		0.294541
161		0.296673
162		0.297238
163		0.302349
164		0.303093
165		0.304069
166		0.306329
167		0.308653
168		0.310194
169		0.311504
170		0.31239
171		0.316448
172		0.317141
173		0.3184
174		0.319208
175		0.324409
176		0.325642
177		0.326027
178		0.326168
179		0.329224
180		0.331112
181		0.332049
182		0.336441
183		0.337763
184		0.339985
185		0.340717
186		0.341847
187		0.34679
188		0.348973
189		0.350938
190		0.353057
191		0.3547
192		0.357243
193		0.359734
194		0.361416
195		0.363612
196		0.364459
197		0.368209
198		0.369275
199		0.370905
200		0.371702
201		0.375451
202		0.377454
203		0.378443
204		0.379226
205		0.385968
206		0.386404
207		0.387046
208		0.389897
209		0.394853
210		0.395251
211		0.396202
212		0.397614
213		0.401672
214		0.403341
215		0.404535
216		0.405229
217		0.409274
218		0.410455
219		0.41224
220		0.413704
221		0.415745
222		0.41866
223		0.419238
224		0.420496
225		0.424169
226		0.426416
227		0.427456
228		0.429844
229		0.430474
230		0.43475
231		0.436971
232		0.438692
233		0.439038
234		0.440451
235		0.445253
236		0.445716
237		0.447025
238		0.447642
239		0.452945
240		0.454974
241		0.455821
242		0.456194
243		0.458723
244		0.461163
245		0.462948
246		0.464836
247		0.468996
248		0.469561
249		0.470807
250		0.472848
251		0.47837
252		0.480065
253		0.480912
254		0.482607
255		0.484585
256		0.48913
257		0.491416
258		0.492495
259		0.4946
260		0.496604
261		0.499133
262		0.500122
263		0.500559
264		0.503101
265		0.506799
266		0.508006
267		0.509663
268		0.511383
269		0.515724
270		0.516841
271		0.517573
272		0.518703
273		0.521669
274		0.525637
275		0.526741
276		0.527023
277		0.530311
278		0.533007
279		0.533546
280		0.536397
281		0.538105
282		0.539479
283		0.542805
284		0.543357
285		0.548236
286		0.549597
287		0.551665
288		0.554567
289		0.557995
290		0.559742
291		0.561809
292		0.566149
293		0.566367
294		0.566907
295		0.566907
296		0.567433
297		0.571298
298		0.571748
299		0.575215
300		0.576653
301		0.577436
302		0.578836
303		0.581109
304		0.582123
305		0.586527
306		0.587593
307		0.589391
308		0.590983
309		0.594206
310		0.596286
311		0.597609
312		0.599047
313		0.602578
314		0.60349
315		0.604209
316		0.606854
317		0.6095
318		0.611618
319		0.613249
320		0.613968
321		0.618167
322		0.61913
323		0.621236
324		0.622533
325		0.625679
326		0.627811
327		0.629467
328		0.63007
329		0.633114
330		0.634475
331		0.637133
332		0.638699
333		0.639817
334		0.642385
335		0.644658
336		0.646198
337		0.647354
338		0.648266
339		0.652966
340		0.654481
341		0.655945
342		0.657473
343		0.662981
344		0.663662
345		0.667116
346		0.670378
347		0.672445
348		0.675373
349		0.677466
350		0.679893
351		0.681472
352		0.68517
353		0.687045
354		0.687969
355		0.688175
356		0.689189
357		0.690204
358		0.693388
359		0.695173
360		0.69534
361		0.697125
362		0.699757
363		0.702646
364		0.703648
365		0.704958
366		0.706075
367		0.708528
368		0.711751
369		0.713112
370		0.715372
371		0.717567
372		0.719262
373		0.721163
374		0.721445
375		0.725105
376		0.726261
377		0.730049
378		0.730845
379		0.731269
380		0.734851
381		0.738639
382		0.739564
383		0.741092
384		0.741888
385		0.746934
386		0.749027
387		0.749888
388		0.750363
389		0.753419
390		0.755268
391		0.757348
392		0.759415
393		0.76269
394		0.763666
395		0.764603
396		0.765515
397		0.771126
398		0.77173
399		0.773707
400		0.775068
401		0.776468
402		0.780962
403		0.78127
404		0.783248
405		0.784994
406		0.78642
407		0.791286
408		0.791633
409		0.793675
410		0.794856
411		0.798143
412		0.800121
413		0.802316
414		0.803986
415		0.807979
416		0.8083
417		0.808634
418		0.81083
419		0.816133
420		0.81856
421		0.819883
422		0.82005
423		0.820846
424		0.825622
425		0.827009
426		0.828781
427		0.829654
428		0.830861
429		0.832929
430		0.83619
431		0.839876
432		0.84116
433		0.844601
434		0.845128
435		0.846771
436		0.850071
437		0.852485
438		0.854784
439		0.855798
440		0.856594
441		0.859843
442		0.86114
443		0.862848
444		0.865262
445		0.868061
446		0.870039
447		0.870848
448		0.872234
449		0.876793
450		0.878488
451		0.878912
452		0.87999
453		0.883855
454		0.884664
455		0.885936
456		0.88772
457		0.891868
458		0.893768
459		0.89554
460		0.896863
461		0.899495
462		0.899958
463		0.902629
464		0.904503
465		0.906545
466		0.90806
467		0.910513
468		0.912221
469		0.913453
470		0.915508
471		0.918821
472		0.920516
473		0.921453
474		0.923161
475		0.927334
476		0.92935
477		0.932304
478		0.932856
479		0.934512
480		0.936336
481		0.938904
482		0.940162
483		0.943
484		0.944785
485		0.945568
486		0.947867
487		0.950987
488		0.953118
489		0.954313
490		0.95647
491		0.957985
492		0.960682
493		0.961349
494		0.963198
495		0.96515
496		0.966537
497		0.969619
498		0.970967
499		0.972457
500		0.974871
501		0.976424
502		0.978594
503		0.981561
504		0.982421
505		0.986183
506		0.986633
507		0.989368
508		0.991166
509		0.994992
510		0.997214
511		0.997727
512		0.999114
513		0.999705
514		0.999987
515		0.999987
516		1
517		1
518		1
519		1
520		1
521		1
522		1
523		1
524		1
525		1
526		1
527		1
528		1
529		1
530		1
531		1
532		1
533		1
534		1
535		1
536		1
537		1
538		1
539		1
540		1
541		1
542		1
543		1
544		1
545		1
546		1
547		1
548		1
549		1
550		1
551		1
552		1
553		1
554		1
555		1
556		1
557		1
558		1
559		1
560		1
561		1
562		1
563		1
564		1
565		1
566		1
567		1
568		1
569		1
570		1
571		1
572		1
573		1
574		1
575		1
576		1
577		1
578		1
579		1
580		1
581		1
582		1
583		1
584		1
585		1
586		1
587		1
588		1
589		1
590		1
591		1
592		1
593		1
594		1
595		1
596		1
597		1
598		1
599		1
600		1
