# Calibration file of tamex_id 2 @ channel 0
# fine_T bin		 Calibration value
1		0
2		0
3		0
4		0
5		0
6		0
7		0
8		0
9		0
10		0
11		0
12		0
13		0
14		0
15		0
16		0
17		0.00261872
18		0.00921951
19		0.0102589
20		0.0118247
21		0.0182096
22		0.0193434
23		0.0207203
24		0.0212467
25		0.0223536
26		0.0272671
27		0.0283875
28		0.0302368
29		0.0322615
30		0.032869
31		0.0355687
32		0.037742
33		0.0404147
34		0.04167
35		0.0442888
36		0.0468805
37		0.0476094
38		0.051308
39		0.0530088
40		0.055668
41		0.056262
42		0.0579358
43		0.0625388
44		0.0637402
45		0.0646311
46		0.0648471
47		0.0683702
48		0.0708134
49		0.0728787
50		0.0750655
51		0.0777787
52		0.0788046
53		0.079871
54		0.0811263
55		0.0863773
56		0.0870927
57		0.0874571
58		0.088888
59		0.0946114
60		0.0953403
61		0.0964742
62		0.097878
63		0.101739
64		0.10325
65		0.104236
66		0.105937
67		0.109622
68		0.110526
69		0.11305
70		0.113887
71		0.117275
72		0.121001
73		0.121527
74		0.123525
75		0.123903
76		0.127197
77		0.130221
78		0.131422
79		0.132299
80		0.134837
81		0.138711
82		0.140223
83		0.140911
84		0.142518
85		0.149308
86		0.150482
87		0.151346
88		0.152858
89		0.155341
90		0.157515
91		0.158689
92		0.161389
93		0.164061
94		0.166734
95		0.16718
96		0.168732
97		0.171715
98		0.174374
99		0.175805
100		0.177007
101		0.179936
102		0.181488
103		0.182716
104		0.183999
105		0.186645
106		0.188143
107		0.190073
108		0.192773
109		0.19415
110		0.195824
111		0.200602
112		0.200872
113		0.201925
114		0.203072
115		0.209214
116		0.210618
117		0.211225
118		0.213669
119		0.215423
120		0.21815
121		0.219716
122		0.220445
123		0.224683
124		0.22629
125		0.227883
126		0.228747
127		0.233377
128		0.233741
129		0.235995
130		0.239829
131		0.240895
132		0.243838
133		0.245876
134		0.247145
135		0.249332
136		0.250709
137		0.253962
138		0.255204
139		0.257552
140		0.258902
141		0.260995
142		0.262628
143		0.26468
144		0.268203
145		0.270795
146		0.271766
147		0.272117
148		0.273481
149		0.280257
150		0.281553
151		0.281877
152		0.284185
153		0.285332
154		0.289139
155		0.291798
156		0.293081
157		0.295389
158		0.295713
159		0.298048
160		0.298548
161		0.302584
162		0.30693
163		0.308037
164		0.308159
165		0.311695
166		0.313059
167		0.314422
168		0.316919
169		0.319227
170		0.321144
171		0.323736
172		0.325126
173		0.326908
174		0.329
175		0.332982
176		0.33386
177		0.335993
178		0.337383
179		0.338787
180		0.342188
181		0.342931
182		0.344402
183		0.348141
184		0.349343
185		0.350031
186		0.353028
187		0.357671
188		0.360276
189		0.361613
190		0.362436
191		0.366459
192		0.36762
193		0.36901
194		0.373883
195		0.375611
196		0.377379
197		0.379161
198		0.379714
199		0.38151
200		0.385195
201		0.387867
202		0.389096
203		0.391323
204		0.39162
205		0.395926
206		0.397924
207		0.399989
208		0.400286
209		0.404457
210		0.406523
211		0.407373
212		0.40933
213		0.414352
214		0.416214
215		0.416606
216		0.417308
217		0.423058
218		0.424408
219		0.425258
220		0.426662
221		0.429835
222		0.430712
223		0.433358
224		0.434478
225		0.437569
226		0.43958
227		0.440539
228		0.441349
229		0.445952
230		0.446843
231		0.449853
232		0.452728
233		0.454348
234		0.456953
235		0.459396
236		0.459815
237		0.461934
238		0.464809
239		0.468184
240		0.469534
241		0.470033
242		0.471329
243		0.476013
244		0.478713
245		0.479901
246		0.480684
247		0.484085
248		0.485975
249		0.486731
250		0.488054
251		0.491874
252		0.494452
253		0.496153
254		0.496733
255		0.499933
256		0.501984
257		0.503901
258		0.505899
259		0.507721
260		0.508828
261		0.512405
262		0.513647
263		0.515577
264		0.518372
265		0.521841
266		0.522354
267		0.522786
268		0.525431
269		0.529143
270		0.53021
271		0.532248
272		0.533382
273		0.536959
274		0.537728
275		0.539105
276		0.540914
277		0.545625
278		0.547029
279		0.547663
280		0.548797
281		0.55282
282		0.555533
283		0.555655
284		0.559083
285		0.562296
286		0.563727
287		0.566345
288		0.57111
289		0.573783
290		0.575322
291		0.576658
292		0.583084
293		0.584352
294		0.584595
295		0.585419
296		0.58716
297		0.592141
298		0.593343
299		0.594922
300		0.601064
301		0.603426
302		0.604911
303		0.608731
304		0.609824
305		0.612618
306		0.615885
307		0.61714
308		0.618747
309		0.619287
310		0.620664
311		0.62578
312		0.627818
313		0.628601
314		0.629006
315		0.633177
316		0.636052
317		0.636538
318		0.638738
319		0.64268
320		0.643409
321		0.64407
322		0.64542
323		0.650212
324		0.651022
325		0.652763
326		0.653857
327		0.656745
328		0.659553
329		0.66016
330		0.662698
331		0.664709
332		0.667031
333		0.668138
334		0.669785
335		0.672485
336		0.674833
337		0.678613
338		0.6803
339		0.683567
340		0.68713
341		0.688993
342		0.691194
343		0.693529
344		0.694973
345		0.697808
346		0.701776
347		0.701938
348		0.702478
349		0.703572
350		0.704598
351		0.711212
352		0.711738
353		0.713601
354		0.717894
355		0.721295
356		0.723631
357		0.724953
358		0.730231
359		0.731635
360		0.733822
361		0.735374
362		0.736616
363		0.740949
364		0.74157
365		0.742178
366		0.742974
367		0.748576
368		0.750479
369		0.751883
370		0.752801
371		0.75623
372		0.757984
373		0.75847
374		0.761818
375		0.764828
376		0.76665
377		0.768783
378		0.769337
379		0.770876
380		0.775236
381		0.777746
382		0.778732
383		0.779744
384		0.781701
385		0.78625
386		0.787344
387		0.788491
388		0.791002
389		0.794255
390		0.794781
391		0.79601
392		0.7974
393		0.804014
394		0.804973
395		0.806026
396		0.806309
397		0.811425
398		0.813477
399		0.814044
400		0.817014
401		0.818903
402		0.82136
403		0.822089
404		0.822845
405		0.826706
406		0.828919
407		0.830283
408		0.832321
409		0.834211
410		0.835925
411		0.83741
412		0.841109
413		0.841608
414		0.845037
415		0.847777
416		0.84887
417		0.849896
418		0.851745
419		0.85593
420		0.856686
421		0.858724
422		0.85948
423		0.862126
424		0.863125
425		0.866432
426		0.868079
427		0.872277
428		0.873357
429		0.873977
430		0.874963
431		0.879876
432		0.8829
433		0.883926
434		0.884277
435		0.888623
436		0.891053
437		0.891877
438		0.894117
439		0.895319
440		0.897978
441		0.899881
442		0.902648
443		0.905861
444		0.90663
445		0.910032
446		0.911584
447		0.913353
448		0.916093
449		0.918064
450		0.921465
451		0.92241
452		0.924638
453		0.926676
454		0.928215
455		0.928647
456		0.930914
457		0.934087
458		0.935247
459		0.936462
460		0.939135
461		0.943563
462		0.944872
463		0.946694
464		0.948044
465		0.953255
466		0.954105
467		0.954523
468		0.955603
469		0.959356
470		0.963
471		0.963419
472		0.965201
473		0.968373
474		0.96871
475		0.971194
476		0.972787
477		0.974312
478		0.978389
479		0.978834
480		0.980522
481		0.982992
482		0.98445
483		0.988067
484		0.988499
485		0.990497
486		0.993413
487		0.99676
488		0.998218
489		0.999055
490		0.999811
491		1
492		1
493		1
494		1
495		1
496		1
497		1
498		1
499		1
500		1
501		1
502		1
503		1
504		1
505		1
506		1
507		1
508		1
509		1
510		1
511		1
512		1
513		1
514		1
515		1
516		1
517		1
518		1
519		1
520		1
521		1
522		1
523		1
524		1
525		1
526		1
527		1
528		1
529		1
530		1
531		1
532		1
533		1
534		1
535		1
536		1
537		1
538		1
539		1
540		1
541		1
542		1
543		1
544		1
545		1
546		1
547		1
548		1
549		1
550		1
551		1
552		1
553		1
554		1
555		1
556		1
557		1
558		1
559		1
560		1
561		1
562		1
563		1
564		1
565		1
566		1
567		1
568		1
569		1
570		1
571		1
572		1
573		1
574		1
575		1
576		1
577		1
578		1
579		1
580		1
581		1
582		1
583		1
584		1
585		1
586		1
587		1
588		1
589		1
590		1
591		1
592		1
593		1
594		1
595		1
596		1
597		1
598		1
599		1
600		1
