# Calibration file of tamex_id 2 @ channel 14
# fine_T bin		 Calibration value
1		0
2		0
3		0
4		0
5		0
6		0
7		0
8		0
9		0
10		0
11		0
12		0
13		0
14		0
15		0
16		0
17		0.00367607
18		0.00817354
19		0.00879295
20		0.00953356
21		0.0166433
22		0.0191344
23		0.0198077
24		0.0213024
25		0.0265405
26		0.0276177
27		0.0281563
28		0.0297048
29		0.034108
30		0.0370435
31		0.0374071
32		0.0390229
33		0.0419719
34		0.0433858
35		0.0443957
36		0.0488797
37		0.050307
38		0.0518555
39		0.0536195
40		0.0565685
41		0.0583594
42		0.0602984
43		0.0604869
44		0.062601
45		0.0660078
46		0.0673947
47		0.0705052
48		0.0715151
49		0.0747872
50		0.0771168
51		0.0788673
52		0.0813853
53		0.0839572
54		0.0861252
55		0.0898012
56		0.0905419
57		0.0915114
58		0.092831
59		0.0973823
60		0.100062
61		0.101422
62		0.102432
63		0.10561
64		0.106714
65		0.108639
66		0.110929
67		0.114483
68		0.116422
69		0.118739
70		0.119722
71		0.123977
72		0.127316
73		0.128111
74		0.128663
75		0.132972
76		0.135045
77		0.13584
78		0.13895
79		0.141428
80		0.141765
81		0.144485
82		0.146464
83		0.148268
84		0.151392
85		0.153264
86		0.155607
87		0.157142
88		0.158771
89		0.162825
90		0.164387
91		0.164575
92		0.165302
93		0.171617
94		0.171873
95		0.172829
96		0.17392
97		0.179225
98		0.180949
99		0.181259
100		0.182134
101		0.188638
102		0.189217
103		0.1902
104		0.191466
105		0.194307
106		0.197417
107		0.19875
108		0.198979
109		0.201982
110		0.20446
111		0.207032
112		0.208715
113		0.210964
114		0.212041
115		0.216363
116		0.217844
117		0.219245
118		0.220066
119		0.223783
120		0.226812
121		0.227203
122		0.231135
123		0.233289
124		0.234851
125		0.237423
126		0.238783
127		0.242783
128		0.244573
129		0.245503
130		0.248775
131		0.251212
132		0.252922
133		0.254228
134		0.256773
135		0.259736
136		0.261271
137		0.26286
138		0.264287
139		0.267142
140		0.268542
141		0.269108
142		0.271491
143		0.273888
144		0.275382
145		0.276864
146		0.279126
147		0.281819
148		0.283287
149		0.286289
150		0.287555
151		0.289925
152		0.291016
153		0.294746
154		0.295311
155		0.298408
156		0.301317
157		0.304118
158		0.304858
159		0.305774
160		0.306905
161		0.313705
162		0.314742
163		0.316223
164		0.316587
165		0.322202
166		0.325083
167		0.325918
168		0.326484
169		0.330429
170		0.33187
171		0.333513
172		0.33521
173		0.339451
174		0.340475
175		0.341579
176		0.3438
177		0.346103
178		0.348056
179		0.351287
180		0.353698
181		0.355058
182		0.356243
183		0.359299
184		0.360188
185		0.362208
186		0.365197
187		0.368429
188		0.369412
189		0.372038
190		0.373721
191		0.376064
192		0.378111
193		0.379228
194		0.380036
195		0.383685
196		0.385032
197		0.386109
198		0.387806
199		0.391186
200		0.394619
201		0.395454
202		0.396693
203		0.399238
204		0.400719
205		0.404853
206		0.40729
207		0.409983
208		0.410697
209		0.413659
210		0.415747
211		0.419126
212		0.420702
213		0.423597
214		0.424526
215		0.426236
216		0.429616
217		0.430787
218		0.434544
219		0.436591
220		0.436753
221		0.440994
222		0.441304
223		0.443283
224		0.447
225		0.449504
226		0.451645
227		0.453315
228		0.453786
229		0.459806
230		0.460883
231		0.461206
232		0.463078
233		0.465852
234		0.468356
235		0.469312
236		0.470578
237		0.474469
238		0.474793
239		0.476005
240		0.478307
241		0.481243
242		0.48337
243		0.48469
244		0.486117
245		0.487908
246		0.489847
247		0.492769
248		0.494304
249		0.496863
250		0.498155
251		0.504201
252		0.504363
253		0.505736
254		0.506867
255		0.512038
256		0.513977
257		0.515135
258		0.516751
259		0.520468
260		0.520939
261		0.522124
262		0.524642
263		0.529126
264		0.530728
265		0.531267
266		0.532182
267		0.536114
268		0.539979
269		0.541231
270		0.54309
271		0.544988
272		0.546187
273		0.549014
274		0.55199
275		0.553216
276		0.555222
277		0.558252
278		0.559329
279		0.560218
280		0.56318
281		0.565644
282		0.567853
283		0.569684
284		0.570801
285		0.576268
286		0.577548
287		0.580645
288		0.585398
289		0.586341
290		0.587539
291		0.58828
292		0.592454
293		0.596399
294		0.596642
295		0.598217
296		0.598217
297		0.599294
298		0.60161
299		0.60254
300		0.604896
301		0.607118
302		0.608276
303		0.611656
304		0.613056
305		0.614537
306		0.614901
307		0.618752
308		0.621324
309		0.622792
310		0.625848
311		0.626737
312		0.628541
313		0.630588
314		0.632164
315		0.636903
316		0.637281
317		0.639206
318		0.639866
319		0.643367
320		0.645521
321		0.64746
322		0.649682
323		0.652779
324		0.653358
325		0.655526
326		0.656657
327		0.658583
328		0.661438
329		0.665706
330		0.666326
331		0.668049
332		0.669598
333		0.672547
334		0.674189
335		0.676048
336		0.678498
337		0.68138
338		0.682444
339		0.683723
340		0.686295
341		0.691762
342		0.693378
343		0.694011
344		0.699774
345		0.702332
346		0.704796
347		0.706937
348		0.707516
349		0.710452
350		0.715138
351		0.716215
352		0.716323
353		0.717494
354		0.718302
355		0.718895
356		0.722302
357		0.725627
358		0.727122
359		0.727365
360		0.729452
361		0.731781
362		0.733128
363		0.735713
364		0.736696
365		0.73741
366		0.741988
367		0.742836
368		0.744493
369		0.747105
370		0.748344
371		0.751697
372		0.754928
373		0.755332
374		0.755682
375		0.760907
376		0.762361
377		0.762954
378		0.764516
379		0.768178
380		0.77036
381		0.773012
382		0.774763
383		0.777887
384		0.779153
385		0.780917
386		0.782411
387		0.787219
388		0.788632
389		0.788942
390		0.78971
391		0.794584
392		0.795944
393		0.798206
394		0.800307
395		0.801761
396		0.805208
397		0.806703
398		0.810743
399		0.81186
400		0.812601
401		0.814863
402		0.817529
403		0.818149
404		0.820775
405		0.826524
406		0.827224
407		0.828396
408		0.829635
409		0.834253
410		0.836516
411		0.837391
412		0.838805
413		0.841498
414		0.843922
415		0.846103
416		0.847046
417		0.849645
418		0.85161
419		0.853428
420		0.855233
421		0.857872
422		0.859461
423		0.860175
424		0.863474
425		0.865184
426		0.868469
427		0.870381
428		0.871661
429		0.874219
430		0.874798
431		0.877989
432		0.880655
433		0.882621
434		0.884318
435		0.886513
436		0.888681
437		0.890095
438		0.892263
439		0.895925
440		0.896477
441		0.897595
442		0.900248
443		0.905419
444		0.906509
445		0.907963
446		0.909148
447		0.911909
448		0.913202
449		0.917012
450		0.91918
451		0.923058
452		0.923328
453		0.924634
454		0.92594
455		0.930316
456		0.93375
457		0.935258
458		0.936052
459		0.936968
460		0.940536
461		0.943001
462		0.944428
463		0.946609
464		0.947256
465		0.950259
466		0.951888
467		0.952198
468		0.954594
469		0.95893
470		0.961233
471		0.961691
472		0.963401
473		0.967979
474		0.968599
475		0.970955
476		0.972275
477		0.976489
478		0.978146
479		0.979034
480		0.980058
481		0.985201
482		0.987477
483		0.988231
484		0.990264
485		0.992554
486		0.99596
487		0.997172
488		0.998936
489		0.999206
490		0.999946
491		1
492		1
493		1
494		1
495		1
496		1
497		1
498		1
499		1
500		1
501		1
502		1
503		1
504		1
505		1
506		1
507		1
508		1
509		1
510		1
511		1
512		1
513		1
514		1
515		1
516		1
517		1
518		1
519		1
520		1
521		1
522		1
523		1
524		1
525		1
526		1
527		1
528		1
529		1
530		1
531		1
532		1
533		1
534		1
535		1
536		1
537		1
538		1
539		1
540		1
541		1
542		1
543		1
544		1
545		1
546		1
547		1
548		1
549		1
550		1
551		1
552		1
553		1
554		1
555		1
556		1
557		1
558		1
559		1
560		1
561		1
562		1
563		1
564		1
565		1
566		1
567		1
568		1
569		1
570		1
571		1
572		1
573		1
574		1
575		1
576		1
577		1
578		1
579		1
580		1
581		1
582		1
583		1
584		1
585		1
586		1
587		1
588		1
589		1
590		1
591		1
592		1
593		1
594		1
595		1
596		1
597		1
598		1
599		1
600		1
