# Calibration file of tamex_id 2 @ channel 9
# fine_T bin		 Calibration value
1		0
2		0
3		0
4		0
5		0
6		0
7		0
8		0
9		0
10		0
11		0
12		0
13		0
14		0
15		0
16		0
17		0.00647277
18		0.00964842
19		0.0113838
20		0.0116961
21		0.0179953
22		0.0190365
23		0.0191754
24		0.0208239
25		0.0249367
26		0.0263596
27		0.0276958
28		0.0305071
29		0.0334571
30		0.0336827
31		0.0367369
32		0.0380384
33		0.0394266
34		0.0437823
35		0.0444938
36		0.0451706
37		0.0488148
38		0.0500295
39		0.0523548
40		0.0549752
41		0.0565717
42		0.058307
43		0.0605629
44		0.0611877
45		0.0635651
46		0.0651442
47		0.0689793
48		0.0707146
49		0.0718599
50		0.0721029
51		0.0766321
52		0.0774477
53		0.0804845
54		0.0825495
55		0.0847881
56		0.0859855
57		0.0880332
58		0.0887794
59		0.0929615
60		0.094801
61		0.0966231
62		0.0973519
63		0.100857
64		0.103495
65		0.104588
66		0.10733
67		0.109065
68		0.11054
69		0.113785
70		0.114879
71		0.117829
72		0.118714
73		0.121161
74		0.122879
75		0.124319
76		0.128536
77		0.129976
78		0.130965
79		0.133238
80		0.134644
81		0.137438
82		0.139729
83		0.141047
84		0.141342
85		0.14667
86		0.147624
87		0.149256
88		0.150592
89		0.154444
90		0.156197
91		0.156544
92		0.158644
93		0.162132
94		0.163416
95		0.164509
96		0.166817
97		0.169576
98		0.173984
99		0.175407
100		0.175615
101		0.177003
102		0.179138
103		0.181862
104		0.184795
105		0.186339
106		0.186478
107		0.190331
108		0.192847
109		0.193888
110		0.195693
111		0.199424
112		0.201541
113		0.202114
114		0.204127
115		0.207962
116		0.209628
117		0.211137
118		0.213688
119		0.217645
120		0.218252
121		0.219536
122		0.220959
123		0.225454
124		0.228369
125		0.228751
126		0.229514
127		0.233402
128		0.234946
129		0.236681
130		0.239701
131		0.241141
132		0.24305
133		0.244768
134		0.245653
135		0.247354
136		0.252056
137		0.252768
138		0.254486
139		0.257939
140		0.258685
141		0.260837
142		0.262121
143		0.265175
144		0.267379
145		0.268039
146		0.269583
147		0.271961
148		0.273783
149		0.277895
150		0.278572
151		0.280412
152		0.281418
153		0.285878
154		0.289609
155		0.290129
156		0.291101
157		0.292663
158		0.296897
159		0.298338
160		0.30134
161		0.302693
162		0.303821
163		0.31012
164		0.310433
165		0.31229
166		0.314094
167		0.315743
168		0.318172
169		0.320532
170		0.321279
171		0.32409
172		0.324888
173		0.326138
174		0.32763
175		0.331621
176		0.334901
177		0.335838
178		0.337122
179		0.340367
180		0.342571
181		0.343057
182		0.347239
183		0.348506
184		0.349408
185		0.35097
186		0.353174
187		0.355499
188		0.358605
189		0.358987
190		0.359421
191		0.362857
192		0.365287
193		0.366657
194		0.369399
195		0.370597
196		0.373564
197		0.374866
198		0.376653
199		0.378735
200		0.3808
201		0.383959
202		0.38552
203		0.386926
204		0.389182
205		0.393833
206		0.396054
207		0.396418
208		0.398119
209		0.401295
210		0.402353
211		0.40565
212		0.406743
213		0.409919
214		0.411602
215		0.412609
216		0.412991
217		0.419446
218		0.420106
219		0.420609
220		0.424895
221		0.42611
222		0.429407
223		0.43017
224		0.431524
225		0.431888
226		0.43529
227		0.43876
228		0.440391
229		0.440791
230		0.442925
231		0.44584
232		0.44702
233		0.44997
234		0.451602
235		0.453979
236		0.454586
237		0.456478
238		0.460105
239		0.462743
240		0.46505
241		0.465502
242		0.467116
243		0.470048
244		0.473658
245		0.474144
246		0.475636
247		0.478916
248		0.480061
249		0.481241
250		0.48459
251		0.488234
252		0.488755
253		0.490699
254		0.491393
255		0.494968
256		0.497328
257		0.498837
258		0.501406
259		0.502672
260		0.506941
261		0.509128
262		0.50944
263		0.511401
264		0.51298
265		0.516277
266		0.519349
267		0.521084
268		0.522334
269		0.524867
270		0.526603
271		0.528546
272		0.529674
273		0.532971
274		0.5337
275		0.537015
276		0.5375
277		0.53927
278		0.541821
279		0.542307
280		0.545136
281		0.548294
282		0.548971
283		0.551765
284		0.554212
285		0.557856
286		0.561413
287		0.563634
288		0.566151
289		0.566654
290		0.570073
291		0.572172
292		0.574307
293		0.57448
294		0.575487
295		0.577396
296		0.580189
297		0.580311
298		0.583504
299		0.584268
300		0.585395
301		0.587304
302		0.588051
303		0.590497
304		0.592337
305		0.595027
306		0.595912
307		0.59848
308		0.599174
309		0.602402
310		0.604588
311		0.60523
312		0.610575
313		0.61087
314		0.612553
315		0.614167
316		0.616683
317		0.619842
318		0.622184
319		0.624614
320		0.627095
321		0.628536
322		0.631087
323		0.633065
324		0.635633
325		0.637074
326		0.639555
327		0.641447
328		0.642852
329		0.645507
330		0.64818
331		0.649429
332		0.652362
333		0.653681
334		0.655173
335		0.65526
336		0.659182
337		0.660709
338		0.663537
339		0.66503
340		0.665637
341		0.668743
342		0.671572
343		0.675147
344		0.677593
345		0.680335
346		0.681932
347		0.685194
348		0.688665
349		0.690418
350		0.691962
351		0.693888
352		0.697411
353		0.698383
354		0.699389
355		0.699389
356		0.701038
357		0.704005
358		0.705532
359		0.707268
360		0.708205
361		0.709471
362		0.71204
363		0.714417
364		0.715753
365		0.717228
366		0.720022
367		0.722191
368		0.725784
369		0.726426
370		0.728022
371		0.729827
372		0.731493
373		0.735571
374		0.738469
375		0.739371
376		0.741072
377		0.742911
378		0.744057
379		0.746486
380		0.748273
381		0.751015
382		0.753462
383		0.754468
384		0.757054
385		0.757661
386		0.759969
387		0.761427
388		0.76488
389		0.76547
390		0.768577
391		0.769028
392		0.771232
393		0.773522
394		0.776264
395		0.779266
396		0.77996
397		0.782997
398		0.784264
399		0.786607
400		0.788047
401		0.792212
402		0.793288
403		0.794242
404		0.796168
405		0.798494
406		0.800333
407		0.802971
408		0.803682
409		0.805886
410		0.809374
411		0.811734
412		0.811908
413		0.814806
414		0.815673
415		0.818207
416		0.820411
417		0.822545
418		0.824454
419		0.827248
420		0.828775
421		0.831396
422		0.832975
423		0.834589
424		0.836584
425		0.840176
426		0.840732
427		0.844879
428		0.845747
429		0.846892
430		0.848714
431		0.853174
432		0.853764
433		0.856506
434		0.858744
435		0.860844
436		0.862701
437		0.864506
438		0.866519
439		0.868289
440		0.871187
441		0.871239
442		0.873824
443		0.877156
444		0.879013
445		0.879412
446		0.882744
447		0.883959
448		0.884757
449		0.886319
450		0.889616
451		0.890605
452		0.893607
453		0.89411
454		0.897147
455		0.89949
456		0.901694
457		0.90329
458		0.905078
459		0.906396
460		0.909138
461		0.910735
462		0.913147
463		0.915854
464		0.916062
465		0.919585
466		0.922813
467		0.924791
468		0.926752
469		0.92965
470		0.930344
471		0.931437
472		0.935099
473		0.936556
474		0.938084
475		0.941034
476		0.94237
477		0.944678
478		0.947298
479		0.949502
480		0.951046
481		0.954934
482		0.955471
483		0.956738
484		0.959255
485		0.962829
486		0.963489
487		0.965901
488		0.966161
489		0.969961
490		0.972096
491		0.974282
492		0.975914
493		0.978517
494		0.980339
495		0.982716
496		0.98374
497		0.986673
498		0.988148
499		0.988287
500		0.989119
501		0.991653
502		0.993215
503		0.99403
504		0.994291
505		0.994898
506		0.996061
507		0.997779
508		0.998508
509		0.999809
510		1
511		1
512		1
513		1
514		1
515		1
516		1
517		1
518		1
519		1
520		1
521		1
522		1
523		1
524		1
525		1
526		1
527		1
528		1
529		1
530		1
531		1
532		1
533		1
534		1
535		1
536		1
537		1
538		1
539		1
540		1
541		1
542		1
543		1
544		1
545		1
546		1
547		1
548		1
549		1
550		1
551		1
552		1
553		1
554		1
555		1
556		1
557		1
558		1
559		1
560		1
561		1
562		1
563		1
564		1
565		1
566		1
567		1
568		1
569		1
570		1
571		1
572		1
573		1
574		1
575		1
576		1
577		1
578		1
579		1
580		1
581		1
582		1
583		1
584		1
585		1
586		1
587		1
588		1
589		1
590		1
591		1
592		1
593		1
594		1
595		1
596		1
597		1
598		1
599		1
600		1
