# Calibration file of tamex_id 1 @ channel 11
# fine_T bin		 Calibration value
1		0
2		0
3		0
4		0
5		0
6		0
7		0
8		0
9		0
10		0
11		0
12		0
13		0
14		0
15		0
16		0
17		5.27816e-05
18		0.00674285
19		0.00827351
20		0.0104771
21		0.0146733
22		0.0167845
23		0.0185527
24		0.0190805
25		0.0238837
26		0.0252164
27		0.0270242
28		0.0287792
29		0.0300459
30		0.0322364
31		0.0334239
32		0.0360894
33		0.0374881
34		0.0385042
35		0.0416843
36		0.0441518
37		0.0460387
38		0.0476618
39		0.0492848
40		0.0510926
41		0.0543914
42		0.0558561
43		0.057268
44		0.0590758
45		0.0594453
46		0.0617809
47		0.0667687
48		0.0669403
49		0.0677584
50		0.0686688
51		0.0719413
52		0.0731685
53		0.0764805
54		0.0780376
55		0.0807426
56		0.0814816
57		0.083065
58		0.0842922
59		0.088396
60		0.0898739
61		0.0920907
62		0.0932387
63		0.0960889
64		0.0989919
65		0.0996121
66		0.102304
67		0.104508
68		0.105431
69		0.107806
70		0.109891
71		0.113494
72		0.114338
73		0.116819
74		0.118072
75		0.121609
76		0.122572
77		0.125871
78		0.127111
79		0.128088
80		0.129223
81		0.132812
82		0.133749
83		0.136071
84		0.137179
85		0.141217
86		0.143262
87		0.14441
88		0.145862
89		0.148818
90		0.149781
91		0.151496
92		0.15341
93		0.156603
94		0.157632
95		0.158727
96		0.159031
97		0.163821
98		0.166618
99		0.167714
100		0.168875
101		0.171764
102		0.17315
103		0.176172
104		0.179286
105		0.180896
106		0.181991
107		0.183152
108		0.186016
109		0.18686
110		0.189288
111		0.191874
112		0.193352
113		0.194052
114		0.195556
115		0.200069
116		0.201626
117		0.202615
118		0.20499
119		0.208289
120		0.209873
121		0.210124
122		0.21234
123		0.216457
124		0.217368
125		0.217605
126		0.219519
127		0.224757
128		0.226143
129		0.226763
130		0.227871
131		0.232292
132		0.233189
133		0.234535
134		0.235973
135		0.240816
136		0.241806
137		0.242901
138		0.243534
139		0.246239
140		0.248285
141		0.25062
142		0.251887
143		0.252613
144		0.255634
145		0.256453
146		0.257191
147		0.260187
148		0.260424
149		0.266653
150		0.267616
151		0.267748
152		0.270136
153		0.272274
154		0.275823
155		0.277446
156		0.278159
157		0.281431
158		0.281946
159		0.284176
160		0.284809
161		0.2908
162		0.291803
163		0.294482
164		0.295168
165		0.298374
166		0.300182
167		0.302821
168		0.304497
169		0.306687
170		0.308654
171		0.3112
172		0.312071
173		0.314512
174		0.31669
175		0.318379
176		0.320028
177		0.322443
178		0.324053
179		0.325794
180		0.329436
181		0.331218
182		0.332656
183		0.334371
184		0.335097
185		0.337961
186		0.342896
187		0.343582
188		0.344294
189		0.344571
190		0.346458
191		0.350483
192		0.351855
193		0.35299
194		0.354006
195		0.358875
196		0.359034
197		0.36005
198		0.361092
199		0.365935
200		0.368943
201		0.370236
202		0.371094
203		0.374353
204		0.375607
205		0.379658
206		0.382073
207		0.382297
208		0.384514
209		0.38772
210		0.389185
211		0.39218
212		0.395743
213		0.396812
214		0.397247
215		0.399755
216		0.400731
217		0.403489
218		0.405468
219		0.407632
220		0.408398
221		0.412105
222		0.412924
223		0.413597
224		0.415536
225		0.419337
226		0.420075
227		0.42282
228		0.423546
229		0.426647
230		0.428309
231		0.429946
232		0.431978
233		0.433363
234		0.435606
235		0.436293
236		0.43847
237		0.443708
238		0.443986
239		0.44578
240		0.446598
241		0.45123
242		0.452272
243		0.454106
244		0.456086
245		0.459253
246		0.460467
247		0.46106
248		0.464544
249		0.465257
250		0.468806
251		0.471551
252		0.4732
253		0.475179
254		0.476657
255		0.480946
256		0.481091
257		0.48439
258		0.486501
259		0.488744
260		0.489391
261		0.490301
262		0.490895
263		0.49616
264		0.498786
265		0.499248
266		0.500145
267		0.503642
268		0.505529
269		0.507033
270		0.509408
271		0.510306
272		0.513961
273		0.514977
274		0.515663
275		0.520519
276		0.521324
277		0.52486
278		0.525296
279		0.526153
280		0.530838
281		0.531814
282		0.533714
283		0.53543
284		0.535878
285		0.541381
286		0.541777
287		0.543716
288		0.549087
289		0.550169
290		0.55166
291		0.553956
292		0.558825
293		0.560501
294		0.560844
295		0.562361
296		0.562731
297		0.562784
298		0.565885
299		0.56789
300		0.568788
301		0.571875
302		0.572561
303		0.575333
304		0.576045
305		0.576942
306		0.578315
307		0.58292
308		0.583632
309		0.58573
310		0.587274
311		0.590468
312		0.592539
313		0.592948
314		0.593529
315		0.598227
316		0.599335
317		0.601024
318		0.602805
319		0.605695
320		0.607397
321		0.608413
322		0.611158
323		0.613401
324		0.615341
325		0.616449
326		0.618218
327		0.620606
328		0.622572
329		0.625541
330		0.626478
331		0.628404
332		0.630133
333		0.632548
334		0.635517
335		0.636744
336		0.637971
337		0.642458
338		0.642774
339		0.643658
340		0.645123
341		0.649649
342		0.651826
343		0.652684
344		0.656339
345		0.66043
346		0.662277
347		0.665193
348		0.66584
349		0.666882
350		0.67311
351		0.673348
352		0.674285
353		0.675156
354		0.675393
355		0.676409
356		0.679787
357		0.680685
358		0.680685
359		0.685184
360		0.687071
361		0.687295
362		0.689987
363		0.691201
364		0.692508
365		0.696941
366		0.699119
367		0.700464
368		0.70185
369		0.704713
370		0.706851
371		0.707392
372		0.708936
373		0.711285
374		0.713977
375		0.715771
376		0.717592
377		0.71911
378		0.721538
379		0.724863
380		0.726314
381		0.727093
382		0.729547
383		0.73117
384		0.732213
385		0.735445
386		0.736554
387		0.740447
388		0.741674
389		0.742413
390		0.74364
391		0.748285
392		0.750963
393		0.751808
394		0.753312
395		0.756703
396		0.757086
397		0.759316
398		0.761942
399		0.763684
400		0.765703
401		0.766547
402		0.76846
403		0.769516
404		0.773633
405		0.774741
406		0.77523
407		0.776404
408		0.778528
409		0.782579
410		0.78535
411		0.787105
412		0.788095
413		0.792265
414		0.792595
415		0.794218
416		0.796817
417		0.798968
418		0.801449
419		0.802399
420		0.803613
421		0.807083
422		0.808152
423		0.809683
424		0.81318
425		0.817112
426		0.817442
427		0.818497
428		0.818959
429		0.82268
430		0.825676
431		0.82714
432		0.828763
433		0.830941
434		0.832616
435		0.83449
436		0.836166
437		0.837736
438		0.840111
439		0.84279
440		0.844176
441		0.846749
442		0.847554
443		0.85113
444		0.852304
445		0.852673
446		0.857054
447		0.858941
448		0.860406
449		0.86286
450		0.864101
451		0.866146
452		0.868257
453		0.869735
454		0.870487
455		0.876676
456		0.87789
457		0.878286
458		0.880041
459		0.883128
460		0.885385
461		0.887734
462		0.890254
463		0.891916
464		0.892616
465		0.894582
466		0.895611
467		0.899873
468		0.901998
469		0.904017
470		0.905336
471		0.906603
472		0.908767
473		0.910179
474		0.914547
475		0.915549
476		0.917146
477		0.918598
478		0.921197
479		0.925037
480		0.926238
481		0.929959
482		0.930724
483		0.931727
484		0.934287
485		0.938061
486		0.93946
487		0.940608
488		0.942046
489		0.944144
490		0.9471
491		0.947575
492		0.948564
493		0.953143
494		0.955136
495		0.955611
496		0.958857
497		0.963911
498		0.964227
499		0.964663
500		0.965111
501		0.968608
502		0.971234
503		0.973187
504		0.973965
505		0.976196
506		0.97894
507		0.981183
508		0.982635
509		0.984258
510		0.986158
511		0.989813
512		0.990763
513		0.992597
514		0.993706
515		0.997295
516		0.997546
517		0.998905
518		0.999815
519		1
520		1
521		1
522		1
523		1
524		1
525		1
526		1
527		1
528		1
529		1
530		1
531		1
532		1
533		1
534		1
535		1
536		1
537		1
538		1
539		1
540		1
541		1
542		1
543		1
544		1
545		1
546		1
547		1
548		1
549		1
550		1
551		1
552		1
553		1
554		1
555		1
556		1
557		1
558		1
559		1
560		1
561		1
562		1
563		1
564		1
565		1
566		1
567		1
568		1
569		1
570		1
571		1
572		1
573		1
574		1
575		1
576		1
577		1
578		1
579		1
580		1
581		1
582		1
583		1
584		1
585		1
586		1
587		1
588		1
589		1
590		1
591		1
592		1
593		1
594		1
595		1
596		1
597		1
598		1
599		1
600		1
