# Calibration file of tamex_id 0 @ channel 15
# fine_T bin		 Calibration value
1		0
2		0
3		0
4		0
5		0
6		0
7		0
8		0
9		0
10		0
11		0
12		0
13		0
14		0
15		0
16		0
17		0.00194003
18		0.00823144
19		0.00955768
20		0.0113991
21		0.0153887
22		0.0180686
23		0.021313
24		0.0218391
25		0.024097
26		0.0257849
27		0.0266398
28		0.0297034
29		0.0322572
30		0.0344109
31		0.036488
32		0.0373594
33		0.0402256
34		0.0419354
35		0.0442646
36		0.0460018
37		0.0482652
38		0.04889
39		0.0518274
40		0.0541237
41		0.055428
42		0.0570008
43		0.0594834
44		0.0611714
45		0.0634238
46		0.0645966
47		0.0683561
48		0.070318
49		0.0714141
50		0.072543
51		0.0752722
52		0.0776014
53		0.0792564
54		0.0815198
55		0.0837065
56		0.085652
57		0.0863973
58		0.0887429
59		0.0911926
60		0.0940423
61		0.095681
62		0.0973963
63		0.0988267
64		0.101781
65		0.103458
66		0.10503
67		0.106379
68		0.108554
69		0.11147
70		0.113322
71		0.115832
72		0.116155
73		0.119137
74		0.121789
75		0.123872
76		0.125538
77		0.128042
78		0.129807
79		0.130903
80		0.133462
81		0.135622
82		0.138954
83		0.139759
84		0.142121
85		0.144779
86		0.147278
87		0.147793
88		0.149328
89		0.151597
90		0.152896
91		0.155553
92		0.158469
93		0.16076
94		0.163862
95		0.164174
96		0.166015
97		0.168542
98		0.17303
99		0.173891
100		0.174088
101		0.174987
102		0.177875
103		0.180752
104		0.182352
105		0.184051
106		0.185772
107		0.190069
108		0.190595
109		0.190721
110		0.193691
111		0.197089
112		0.199944
113		0.201177
114		0.20224
115		0.205759
116		0.207304
117		0.209803
118		0.211612
119		0.214582
120		0.217295
121		0.217678
122		0.219312
123		0.2218
124		0.224107
125		0.226617
126		0.227609
127		0.2311
128		0.231982
129		0.234651
130		0.236114
131		0.239035
132		0.240745
133		0.242071
134		0.245118
135		0.24645
136		0.248401
137		0.251355
138		0.252511
139		0.254627
140		0.255975
141		0.259017
142		0.261609
143		0.261784
144		0.264568
145		0.265938
146		0.268043
147		0.269106
148		0.27155
149		0.274098
150		0.276899
151		0.27908
152		0.279875
153		0.284281
154		0.2853
155		0.287903
156		0.28981
157		0.291263
158		0.292512
159		0.295658
160		0.297269
161		0.300196
162		0.300667
163		0.306125
164		0.307408
165		0.309605
166		0.311419
167		0.313847
168		0.315963
169		0.317256
170		0.319454
171		0.32267
172		0.323723
173		0.325022
174		0.327789
175		0.329104
176		0.332793
177		0.333933
178		0.336042
179		0.336503
180		0.338404
181		0.341408
182		0.342926
183		0.345364
184		0.346521
185		0.34931
186		0.350604
187		0.353716
188		0.355437
189		0.358051
190		0.360024
191		0.36214
192		0.362627
193		0.364913
194		0.369094
195		0.370612
196		0.371845
197		0.374788
198		0.375156
199		0.377572
200		0.379151
201		0.383228
202		0.385239
203		0.385875
204		0.387185
205		0.392577
206		0.393109
207		0.395581
208		0.397066
209		0.400025
210		0.402108
211		0.40362
212		0.405363
213		0.409479
214		0.409972
215		0.412334
216		0.414219
217		0.416888
218		0.418516
219		0.419431
220		0.421207
221		0.423695
222		0.424906
223		0.42843
224		0.429186
225		0.430353
226		0.433203
227		0.434485
228		0.436058
229		0.439423
230		0.440475
231		0.442114
232		0.445271
233		0.446526
234		0.448784
235		0.451283
236		0.452455
237		0.454335
238		0.456259
239		0.459103
240		0.460155
241		0.462797
242		0.465427
243		0.467461
244		0.469943
245		0.471363
246		0.472218
247		0.475265
248		0.476322
249		0.478503
250		0.481852
251		0.483178
252		0.484444
253		0.488867
254		0.489607
255		0.492391
256		0.492802
257		0.497838
258		0.498265
259		0.500014
260		0.50265
261		0.505401
262		0.507144
263		0.507642
264		0.508585
265		0.514646
266		0.515961
267		0.516915
268		0.518828
269		0.522439
270		0.523086
271		0.525207
272		0.527054
273		0.529065
274		0.53169
275		0.533866
276		0.535619
277		0.536644
278		0.539593
279		0.542355
280		0.542821
281		0.545495
282		0.546684
283		0.549008
284		0.55217
285		0.555064
286		0.558565
287		0.55907
288		0.559979
289		0.564934
290		0.568052
291		0.568594
292		0.571236
293		0.573954
294		0.5747
295		0.5747
296		0.576344
297		0.577681
298		0.581451
299		0.582367
300		0.58343
301		0.585057
302		0.585551
303		0.588395
304		0.589551
305		0.593804
306		0.59439
307		0.596544
308		0.598506
309		0.601613
310		0.603104
311		0.604984
312		0.607275
313		0.609067
314		0.610574
315		0.614629
316		0.615122
317		0.618224
318		0.619983
319		0.62205
320		0.622866
321		0.626313
322		0.629508
323		0.631432
324		0.632013
325		0.634561
326		0.635668
327		0.639137
328		0.6402
329		0.642606
330		0.644782
331		0.64693
332		0.649215
333		0.649857
334		0.651868
335		0.655803
336		0.656745
337		0.657995
338		0.659091
339		0.663305
340		0.665799
341		0.666468
342		0.668512
343		0.670172
344		0.674447
345		0.676244
346		0.677823
347		0.68059
348		0.684777
349		0.687238
350		0.688915
351		0.690006
352		0.693085
353		0.695716
354		0.697579
355		0.698577
356		0.69873
357		0.699097
358		0.702249
359		0.702512
360		0.705263
361		0.705455
362		0.70831
363		0.711516
364		0.712897
365		0.714908
366		0.71596
367		0.718443
368		0.72035
369		0.722679
370		0.724427
371		0.726477
372		0.729086
373		0.730527
374		0.73233
375		0.733941
376		0.736572
377		0.738079
378		0.740945
379		0.742134
380		0.74323
381		0.747248
382		0.748305
383		0.751939
384		0.752432
385		0.755512
386		0.757529
387		0.759512
388		0.760839
389		0.762812
390		0.764045
391		0.766982
392		0.768117
393		0.771805
394		0.772906
395		0.77694
396		0.778255
397		0.779609
398		0.781406
399		0.7847
400		0.786635
401		0.788443
402		0.790641
403		0.79286
404		0.794789
405		0.795261
406		0.797562
407		0.800133
408		0.804046
409		0.804517
410		0.806588
411		0.808326
412		0.81031
413		0.812315
414		0.815105
415		0.81727
416		0.817971
417		0.819023
418		0.820761
419		0.82469
420		0.825923
421		0.828296
422		0.830455
423		0.833015
424		0.835536
425		0.837711
426		0.838709
427		0.839969
428		0.8426
429		0.84625
430		0.84717
431		0.847647
432		0.85065
433		0.852426
434		0.856015
435		0.857446
436		0.858931
437		0.861238
438		0.863529
439		0.864587
440		0.867289
441		0.869497
442		0.869738
443		0.87387
444		0.875504
445		0.877942
446		0.878479
447		0.882179
448		0.883209
449		0.886387
450		0.888169
451		0.889013
452		0.889434
453		0.894049
454		0.895572
455		0.89874
456		0.900022
457		0.902023
458		0.903355
459		0.907092
460		0.908687
461		0.910462
462		0.911964
463		0.914732
464		0.917028
465		0.917888
466		0.920398
467		0.922744
468		0.925665
469		0.927106
470		0.92789
471		0.932049
472		0.933009
473		0.936713
474		0.937146
475		0.940588
476		0.941087
477		0.944227
478		0.946994
479		0.949861
480		0.950096
481		0.952009
482		0.953253
483		0.954442
484		0.958498
485		0.962186
486		0.963063
487		0.965479
488		0.966033
489		0.967863
490		0.971354
491		0.972807
492		0.975443
493		0.978062
494		0.979054
495		0.980441
496		0.982879
497		0.985855
498		0.988908
499		0.989396
500		0.991018
501		0.993659
502		0.995024
503		0.996799
504		0.998855
505		0.99937
506		0.999655
507		1
508		1
509		1
510		1
511		1
512		1
513		1
514		1
515		1
516		1
517		1
518		1
519		1
520		1
521		1
522		1
523		1
524		1
525		1
526		1
527		1
528		1
529		1
530		1
531		1
532		1
533		1
534		1
535		1
536		1
537		1
538		1
539		1
540		1
541		1
542		1
543		1
544		1
545		1
546		1
547		1
548		1
549		1
550		1
551		1
552		1
553		1
554		1
555		1
556		1
557		1
558		1
559		1
560		1
561		1
562		1
563		1
564		1
565		1
566		1
567		1
568		1
569		1
570		1
571		1
572		1
573		1
574		1
575		1
576		1
577		1
578		1
579		1
580		1
581		1
582		1
583		1
584		1
585		1
586		1
587		1
588		1
589		1
590		1
591		1
592		1
593		1
594		1
595		1
596		1
597		1
598		1
599		1
600		1
