# Calibration file of tamex_id 2 @ channel 2
# fine_T bin		 Calibration value
1		0
2		0
3		0
4		0
5		0
6		0
7		0
8		0
9		0
10		0
11		0
12		0
13		0
14		0
15		0
16		0
17		0.000874403
18		0.00675401
19		0.0083822
20		0.00939229
21		0.0145935
22		0.0174579
23		0.0188901
24		0.0198248
25		0.0209857
26		0.0241667
27		0.0263979
28		0.0280412
29		0.0300011
30		0.0310714
31		0.0337097
32		0.0358053
33		0.0365892
34		0.0383682
35		0.0437804
36		0.0445342
37		0.0462981
38		0.0468408
39		0.0508209
40		0.0522983
41		0.0545597
42		0.0554643
43		0.0598664
44		0.0605599
45		0.0620826
46		0.0627912
47		0.0663038
48		0.0667561
49		0.0690778
50		0.0706759
51		0.0741735
52		0.0751835
53		0.0766308
54		0.0781384
55		0.0815607
56		0.0847568
57		0.0856915
58		0.0861136
59		0.0900032
60		0.0932596
61		0.093546
62		0.0960034
63		0.0989281
64		0.101084
65		0.101235
66		0.103481
67		0.106391
68		0.107883
69		0.110717
70		0.112074
71		0.112632
72		0.114713
73		0.118753
74		0.119929
75		0.120924
76		0.121708
77		0.126773
78		0.126984
79		0.128567
80		0.130723
81		0.134432
82		0.136512
83		0.137899
84		0.139467
85		0.141216
86		0.142558
87		0.145407
88		0.146417
89		0.150819
90		0.15186
91		0.152493
92		0.154845
93		0.157604
94		0.159594
95		0.161915
96		0.163378
97		0.164538
98		0.166001
99		0.168624
100		0.171006
101		0.171956
102		0.174624
103		0.178619
104		0.179102
105		0.181454
106		0.182705
107		0.185841
108		0.187846
109		0.190454
110		0.192384
111		0.194253
112		0.196906
113		0.198414
114		0.200404
115		0.202726
116		0.204836
117		0.205078
118		0.207972
119		0.21144
120		0.212012
121		0.214259
122		0.215842
123		0.219128
124		0.220892
125		0.22252
126		0.225656
127		0.227676
128		0.22938
129		0.230209
130		0.232169
131		0.235531
132		0.237174
133		0.239074
134		0.239918
135		0.243174
136		0.244908
137		0.247848
138		0.249551
139		0.250637
140		0.251707
141		0.255763
142		0.257059
143		0.258476
144		0.261974
145		0.264763
146		0.265864
147		0.26606
148		0.268532
149		0.273628
150		0.274517
151		0.274773
152		0.276899
153		0.28094
154		0.283894
155		0.285116
156		0.286563
157		0.288236
158		0.291071
159		0.292458
160		0.293829
161		0.299558
162		0.299799
163		0.302347
164		0.304307
165		0.306312
166		0.309674
167		0.31085
168		0.312599
169		0.314227
170		0.316066
171		0.318403
172		0.320363
173		0.322655
174		0.32365
175		0.327177
176		0.327886
177		0.329831
178		0.33158
179		0.33473
180		0.335529
181		0.337037
182		0.340218
183		0.343429
184		0.344319
185		0.345721
186		0.347379
187		0.351344
188		0.352399
189		0.355656
190		0.356847
191		0.3584
192		0.361158
193		0.363917
194		0.365455
195		0.368139
196		0.369013
197		0.371953
198		0.372842
199		0.376385
200		0.378571
201		0.38026
202		0.382008
203		0.383049
204		0.384843
205		0.388521
206		0.389863
207		0.391431
208		0.394009
209		0.395441
210		0.398577
211		0.399044
212		0.400491
213		0.403944
214		0.405467
215		0.407592
216		0.409567
217		0.41302
218		0.414587
219		0.415929
220		0.419035
221		0.420407
222		0.422005
223		0.424176
224		0.425502
225		0.427281
226		0.430266
227		0.432076
228		0.432498
229		0.435151
230		0.436448
231		0.439794
232		0.443624
233		0.445629
234		0.446413
235		0.448825
236		0.450483
237		0.454086
238		0.455594
239		0.457297
240		0.461262
241		0.462182
242		0.464896
243		0.466268
244		0.46877
245		0.471695
246		0.473595
247		0.47468
248		0.475901
249		0.47863
250		0.480002
251		0.482082
252		0.484087
253		0.487691
254		0.488324
255		0.488942
256		0.491686
257		0.493676
258		0.495801
259		0.498153
260		0.498982
261		0.503339
262		0.503807
263		0.506927
264		0.508179
265		0.512611
266		0.512958
267		0.514691
268		0.517179
269		0.520164
270		0.52229
271		0.52327
272		0.523827
273		0.526134
274		0.529466
275		0.530717
276		0.532421
277		0.535134
278		0.537139
279		0.537592
280		0.539326
281		0.543652
282		0.545672
283		0.546291
284		0.547858
285		0.553738
286		0.55514
287		0.55713
288		0.561562
289		0.562618
290		0.563718
291		0.566191
292		0.570246
293		0.571106
294		0.571724
295		0.573548
296		0.574558
297		0.579458
298		0.580679
299		0.583694
300		0.58781
301		0.588759
302		0.59194
303		0.596689
304		0.59788
305		0.602011
306		0.603549
307		0.605795
308		0.607981
309		0.60982
310		0.612218
311		0.616077
312		0.616574
313		0.617871
314		0.619982
315		0.621987
316		0.626962
317		0.627369
318		0.62865
319		0.630972
320		0.631907
321		0.633686
322		0.635691
323		0.638646
324		0.64053
325		0.642219
326		0.643847
327		0.647525
328		0.648309
329		0.651656
330		0.6525
331		0.654912
332		0.655546
333		0.658757
334		0.659345
335		0.663234
336		0.664682
337		0.668556
338		0.671707
339		0.672928
340		0.676984
341		0.680496
342		0.681883
343		0.683662
344		0.685909
345		0.688351
346		0.6901
347		0.691879
348		0.692798
349		0.694291
350		0.695602
351		0.699944
352		0.700306
353		0.704512
354		0.707286
355		0.709759
356		0.712412
357		0.71502
358		0.716784
359		0.720372
360		0.722422
361		0.723402
362		0.725302
363		0.727503
364		0.731996
365		0.732297
366		0.732855
367		0.735388
368		0.738795
369		0.740544
370		0.742926
371		0.744735
372		0.745911
373		0.748263
374		0.74977
375		0.75271
376		0.753132
377		0.756403
378		0.75767
379		0.759434
380		0.762162
381		0.764801
382		0.764982
383		0.768675
384		0.769791
385		0.771118
386		0.774555
387		0.775806
388		0.777238
389		0.778836
390		0.781264
391		0.782696
392		0.785108
393		0.786706
394		0.787746
395		0.790294
396		0.793385
397		0.795495
398		0.797666
399		0.799566
400		0.801556
401		0.803832
402		0.806064
403		0.807933
404		0.809199
405		0.811732
406		0.812154
407		0.815742
408		0.817491
409		0.820793
410		0.82117
411		0.823808
412		0.824969
413		0.825873
414		0.828783
415		0.831482
416		0.83216
417		0.835356
418		0.836924
419		0.839803
420		0.842231
421		0.843105
422		0.844899
423		0.848457
424		0.849437
425		0.850749
426		0.852904
427		0.855422
428		0.858302
429		0.859417
430		0.861045
431		0.862417
432		0.864573
433		0.866623
434		0.869804
435		0.870709
436		0.872955
437		0.87493
438		0.876679
439		0.878609
440		0.879393
441		0.883011
442		0.883885
443		0.885001
444		0.887157
445		0.891861
446		0.89373
447		0.894665
448		0.896519
449		0.900017
450		0.903755
451		0.904117
452		0.905851
453		0.908942
454		0.910464
455		0.912409
456		0.914097
457		0.917821
458		0.919178
459		0.921078
460		0.923007
461		0.925344
462		0.926972
463		0.927877
464		0.930892
465		0.933304
466		0.934118
467		0.937721
468		0.938686
469		0.941475
470		0.942546
471		0.945651
472		0.946888
473		0.950325
474		0.951003
475		0.953325
476		0.953958
477		0.956973
478		0.958632
479		0.96032
480		0.961933
481		0.965476
482		0.96617
483		0.969954
484		0.971235
485		0.972486
486		0.973979
487		0.977507
488		0.980326
489		0.9812
490		0.98307
491		0.985919
492		0.987985
493		0.988859
494		0.99097
495		0.993909
496		0.994573
497		0.997452
498		0.998884
499		0.99997
500		1
501		1
502		1
503		1
504		1
505		1
506		1
507		1
508		1
509		1
510		1
511		1
512		1
513		1
514		1
515		1
516		1
517		1
518		1
519		1
520		1
521		1
522		1
523		1
524		1
525		1
526		1
527		1
528		1
529		1
530		1
531		1
532		1
533		1
534		1
535		1
536		1
537		1
538		1
539		1
540		1
541		1
542		1
543		1
544		1
545		1
546		1
547		1
548		1
549		1
550		1
551		1
552		1
553		1
554		1
555		1
556		1
557		1
558		1
559		1
560		1
561		1
562		1
563		1
564		1
565		1
566		1
567		1
568		1
569		1
570		1
571		1
572		1
573		1
574		1
575		1
576		1
577		1
578		1
579		1
580		1
581		1
582		1
583		1
584		1
585		1
586		1
587		1
588		1
589		1
590		1
591		1
592		1
593		1
594		1
595		1
596		1
597		1
598		1
599		1
600		1
