#Fatima Prompt flash cut for each Z vs AoQ gate (defined in ID_ZvsAoQ.txt)
#dT cut on Z vs AoQ Gate 0
0 128.024 980.978
0 183.183 -269.022
0 1982.07 -445.615
0 2085.63 -499.741
0 498.329 -500.711
0 17.9615 -500.711
0 30.67 994.565
0 108.686 980.978
#dT cut on Z vs AoQ Gate 1
1 128.024 980.978
1 183.183 -269.022
1 1982.07 -445.615
1 2085.63 -499.741
1 498.329 -500.711
1 17.9615 -500.711
1 30.67 994.565
1 108.686 980.978
#dT cut on Z vs AoQ Gate 2
2 128.024 980.978
2 183.183 -269.022
2 1982.07 -445.615
2 2085.63 -499.741
2 498.329 -500.711
2 17.9615 -500.711
2 30.67 994.565
2 108.686 980.978
#dT cut on Z vs AoQ Gate 3
3 128.024 980.978
3 183.183 -269.022
3 1982.07 -445.615
3 2085.63 -499.741
3 498.329 -500.711
3 17.9615 -500.711
3 30.67 994.565
3 108.686 980.978
#dT cut on Z vs AoQ Gate 4
4 128.024 980.978
4 183.183 -269.022
4 1982.07 -445.615
4 2085.63 -499.741
4 498.329 -500.711
4 17.9615 -500.711
4 30.67 994.565
4 108.686 980.978
#dT cut on Z vs AoQ Gate 5
5 128.024 980.978
5 183.183 -269.022
5 1982.07 -445.615
5 2085.63 -499.741
5 498.329 -500.711
5 17.9615 -500.711
5 30.67 994.565
5 108.686 980.978
#dT cut on Z vs AoQ Gate 6
6 128.024 980.978
6 183.183 -269.022
6 1982.07 -445.615
6 2085.63 -499.741
6 498.329 -500.711
6 17.9615 -500.711
6 30.67 994.565
6 108.686 980.978
#dT cut on Z vs AoQ Gate 7
7 128.024 980.978
7 183.183 -269.022
7 1982.07 -445.615
7 2085.63 -499.741
7 498.329 -500.711
7 17.9615 -500.711
7 30.67 994.565
7 108.686 980.978
#