#Ge Prompt flash cut for each Z vs AoQ gate (defined in ID_ZvsAoQ.txt)
#dT cut on Z vs AoQ Gate 0
0 73.3971 350.091
0 185.883 -105.534
0 1985.66 -120.795
0 1988.47-168.755
0 512.092 -165.512
0 19.9662 -170.935
0 25.5905 286.871
0 73.3971 350.091
#dT cut on Z vs AoQ Gate 1
1 73.3971 350.091
1 185.883 -105.534
1 1985.66 -120.795
1 1988.47-168.755
1 512.092 -165.512
1 19.9662 -170.935
1 25.5905 286.871
1 73.3971 350.091
#dT cut on Z vs AoQ Gate 2
2 73.3971 350.091
2 185.883 -105.534
2 1985.66 -120.795
2 1988.47-168.755
2 512.092 -165.512
2 19.9662 -170.935
2 25.5905 286.871
2 73.3971 350.091
#dT cut on Z vs AoQ Gate 3
3 73.3971 350.091
3 185.883 -105.534
3 1985.66 -120.795
3 1988.47-168.755
3 512.092 -165.512
3 19.9662 -170.935
3 25.5905 286.871
3 73.3971 350.091
#dT cut on Z vs AoQ Gate 4
4 73.3971 350.091
4 185.883 -105.534
4 1985.66 -120.795
4 1988.47-168.755
4 512.092 -165.512
4 19.9662 -170.935
4 25.5905 286.871
4 73.3971 350.091
#dT cut on Z vs AoQ Gate 5
5 73.3971 350.091
5 185.883 -105.534
5 1985.66 -120.795
5 1988.47-168.755
5 512.092 -165.512
5 19.9662 -170.935
5 25.5905 286.871
5 73.3971 350.091
#dT cut on Z vs AoQ Gate 6
6 73.3971 350.091
6 185.883 -105.534
6 1985.66 -120.795
6 1988.47-168.755
6 512.092 -165.512
6 19.9662 -170.935
6 25.5905 286.871
6 73.3971 350.091
#dT cut on Z vs AoQ Gate 7
7 73.3971 350.091
7 185.883 -105.534
7 1985.66 -120.795
7 1988.47-168.755
7 512.092 -165.512
7 19.9662 -170.935
7 25.5905 286.871
7 73.3971 350.091
#