#ZAoQ gates 
#Gate0 93Rh 
#0 2.14893 48.2871
#0 2.15693 47.7168
#0 2.16793 47.5113
#0 2.17893 47.8132
#0 2.17713 48.1739
#0 2.17073 48.5639
#0 2.15693 48.6226
#0 2.14893 48.2871
# Gate 0 94Ru
0   2.24443 47.5958
0   2.25956 46.7977
0   2.23826 46.4476
0   2.2293  47.0357
0   2.23126 47.5538
0   2.24443 47.5958
0   2.24443 47.5958
0   2.24443 47.5958
#Gate1 94Rh   
1 2.17553 48.5304
1 2.18433 47.7964
1 2.19693 47.5154
1 2.20833 47.8132
1 2.20553 48.2745
1 2.19913 48.6646
1 2.18533 48.7233
1 2.17553 48.5304
#Gate2 95Rh      
2 2.20255 48.5243
2 2.21104 47.9353
2 2.2229 47.9304
2 2.22843 48.0138
2 2.22813 48.3752
2 2.2227 48.6814
2 2.21203 48.6961
2 2.20255 48.5243
#Gate3 96Rh   
3 2.24759 48.7992
3 2.25332 48.1709
3 2.24285 47.9353
3 2.2306 48.2936
3 2.22882 48.6176
3 2.23179 48.8237
3 2.2385 48.8924
3 2.24759 48.7992
#Gate4 97Rh    
4 2.25213 48.6394
4 2.25713 48.1781
4 2.26613 48.1655
4 2.27373 48.2871
4 2.26673 48.7149
4 2.26013 48.7401
4 2.25473 48.7401
4 2.25213 48.6394
#Gate5 94Pd
5 2.14885 48.737
5 2.1353 48.8589
5 2.13059 49.314
5 2.13367 49.5174
5 2.14177 49.5359
5 2.15192 49.3324
5 2.15458 48.9839
5 2.14885 48.737
#Gate5 95Pd
6   2.19569 48.4807
5   2.21146 47.6418
5   2.19197 47.4805
5   2.17898 47.8677
5   2.17156 48.2871
5   2.19569 48.4807
5   2.17156 48.2871
5   2.19569 48.4807
#Gate6 96Pd    
6   2.20079 49.7067
6   2.20867 48.7388
6   2.19151 48.4645
6   2.18362 48.884
6   2.18084 49.3841
6   2.20079 49.7067
6   2.18084 49.3841
6   2.20079 49.7067




