#ZAoQ gates 
# Gate0 94Ru
0   2.24443 47.5958
0   2.25956 46.7977
0   2.23826 46.4476
0   2.2293  47.0357
0   2.23126 47.5538
0   2.24443 47.5958
0   2.24443 47.5958
0   2.24443 47.5958
#Gate1 94Rh   
1 2.17805 48.5047
1 2.1826 47.8322
1 2.19682 47.685
1 2.20709 47.8813
1 2.20529 48.2818
1 2.19583 48.6372
1 2.18675 48.5881
1 2.17805 48.5047
#Gate2 95Rh      
2 2.20221 48.5438
2 2.21078 47.9549
2 2.22269 47.9346
2 2.22841 48.0158
2 2.22793 48.3814
2 2.22269 48.686
2 2.21173 48.7063
2 2.20221 48.5438
#Gate3 96Rh 
3 2.24759 48.7992
3 2.25332 48.1709
3 2.24285 47.9353
3 2.2306 48.2936
3 2.22882 48.6176
3 2.23179 48.8237
3 2.2385 48.8924
3 2.24759 48.7992
#Gate5 94Pd
4 2.14885 48.737
4 2.1353 48.8589
4 2.13059 49.314
4 2.13367 49.5174
4 2.14177 49.5359
4 2.15192 49.3324
4 2.15458 48.9839
4 2.14885 48.737
#Gate4 95Pd  
5 2.17504 49.5927
5 2.18518 48.9029
5 2.16794 48.6952
5 2.15574 49.1314
5 2.15516 49.4182
5 2.15861 49.626
5 2.16555 49.7235
5 2.17504 49.5927
#Gate6 96Pd    
6 2.2017 49.6497
6 2.20448 49.053
6 2.19514 48.8646
6 2.1824 49.1891
6 2.18177 49.4717
6 2.1853 49.6811
6 2.19224 49.7857
6 2.2017 49.6497