#ZAoQ gates on Main Envelope
#Gate0      
0   2.16043 50.2874
0   2.16124 49.6744
0   2.13825 49.4486
0   2.13099 49.9487
0   2.13623 50.5617
0   2.16043 50.2874
#Gate1      
1   2.15196 49.126
1   2.15841 48.4645
1   2.13865 48.4
1   2.12333 49.126
1   2.1443  49.4486
1   2.15196 49.126
#Gate2      
2   2.17852 49.497
2   2.18301 48.5452
2   2.16692 48.4162
2   2.15398 48.8194
2   2.15559 49.3679
2   2.17852 49.497
#Gate3      
3   2.20079 49.7067
3   2.20867 48.7388
3   2.19151 48.4645
3   2.18362 48.884
3   2.18084 49.3841
3   2.20079 49.7067
#Gate4      
4   2.16971 48.2871
4   2.18038 47.5773
4   2.16089 47.4805
4   2.153   47.7547
4   2.14558 48.1903
4   2.16971 48.2871
#Gate5 95Pd
5   2.19569 48.4807
5   2.21146 47.6418
5   2.19197 47.4805
5   2.17898 47.8677
5   2.17156 48.2871
5   2.19569 48.4807
#Gate6      
6   2.21888 48.642
6   2.23326 47.8515
6   2.21517 47.658
6   2.21007 47.8999
6   2.20032 48.3032
6   2.21888 48.642
#Gate7      
#7  2.21935 47.3353
#7  2.23141 46.7546
#7  2.21331 46.5771
#7  2.20821 46.803
#7  2.19847 47.2063
#7  2.21935 47.3353
# Gate 8 94Ru
7   2.24443 47.5958
7   2.25956 46.7977
7   2.23826 46.4476
7   2.2293  47.0357
7   2.23126 47.5538
7   2.24443 47.5958
